AAPL,NVDA,TSLA
0,0,0
0,0,0
0,0,0
0,0,0
0,0,0
0,0,0
0,0,0
0,0,0
0,0,0
0.330904,0.332257,0.33684
0.332229,0.332787,0.334984
0.329925,0.33105,0.339025
0.314332,0.324803,0.360865
0.297668,0.316983,0.385349
0.298453,0.316436,0.385111
0.306143,0.320906,0.372951
0.304572,0.319967,0.375461
0.306218,0.320194,0.373588
0.44591,0.317664,0.236426
0.364073,0.335552,0.300375
0.323403,0.327236,0.349361
0.327141,0.329434,0.343425
0.325677,0.328577,0.345747
0.36653,0.335402,0.298067
0.362937,0.335413,0.30165
0.324775,0.328046,0.347179
0.325028,0.328195,0.346777
0.325202,0.328297,0.346501
0.320999,0.325805,0.353196
0.313258,0.320302,0.36644
0.319781,0.325117,0.355102
0.323884,0.327944,0.348172
0.316999,0.324116,0.358885
0.31898,0.324803,0.356217
0.317521,0.323789,0.35869
0.329,0.331534,0.339466
0.32626,0.33007,0.34367
0.314191,0.324288,0.36152
0.30467,0.317855,0.377475
0.308254,0.3229,0.368846
0.30708,0.322079,0.370841
0.316305,0.326373,0.357322
0.320897,0.328253,0.35085
0.326813,0.330633,0.342554
0.321116,0.327862,0.351022
0.358791,0.333742,0.307466
0.42641,0.328633,0.244957
0.386139,0.33777,0.276091
0.469718,0.333363,0.19692
0.42007,0.337478,0.242452
0.407348,0.338074,0.254578
0.449918,0.335737,0.214345
0.465081,0.334145,0.200774
0.520213,0.324272,0.155515
0.435042,0.336885,0.228073
0.35546,0.335936,0.308604
0.395307,0.338075,0.266618
0.411916,0.33792,0.250164
0.340874,0.334307,0.32482
0.338285,0.333966,0.327749
0.416979,0.337713,0.245308
0.389373,0.337951,0.272676
0.401923,0.338155,0.259922
0.383471,0.337786,0.278743
0.333421,0.333283,0.333296
0.356164,0.336241,0.307595
0.328508,0.330779,0.340712
0.36287,0.335726,0.301404
0.344069,0.334275,0.321656
0.343054,0.333859,0.323087
0.324952,0.328151,0.346897
0.325884,0.328698,0.345418
0.327654,0.329733,0.342613
0.330376,0.33131,0.338314
0.370226,0.330235,0.299539
0.394965,0.337901,0.267134
0.371827,0.337267,0.290906
0.333438,0.333231,0.333331
0.398117,0.338121,0.263762
0.395256,0.338108,0.266636
0.383534,0.337938,0.278527
0.388063,0.338283,0.273654
0.370768,0.337873,0.291359
0.363914,0.336992,0.299094
0.330335,0.332028,0.337637
0.316874,0.32651,0.356616
0.317941,0.32696,0.355099
0.32151,0.32874,0.34975
0.325427,0.330161,0.344412
0.30287,0.320211,0.37692
0.331352,0.327719,0.340929
0.322755,0.32503,0.352214
0.323042,0.326494,0.350463
0.284848,0.30882,0.406332
0.312483,0.318189,0.369328
0.283024,0.309573,0.407403
0.275292,0.304916,0.419792
0.280557,0.307368,0.412074
0.282925,0.308799,0.408276
0.301063,0.318826,0.380111
0.291028,0.313738,0.395235
0.284923,0.310354,0.404723
0.277515,0.305982,0.416503
0.302027,0.319376,0.378597
0.296141,0.316336,0.387524
0.367444,0.334897,0.297658
0.31267,0.324221,0.363109
0.356922,0.333816,0.309262
0.417131,0.338901,0.243968
0.327843,0.33101,0.341147
0.339519,0.33413,0.326351
0.333479,0.333298,0.333223
0.330183,0.331212,0.338605
0.333532,0.333304,0.333164
0.333367,0.333239,0.333394
0.333442,0.333289,0.333269
0.332435,0.332597,0.334969
0.330829,0.331571,0.3376
0.332335,0.332521,0.335144
0.331802,0.332176,0.336022
0.358999,0.334193,0.306808
0.362224,0.33279,0.304986
0.349782,0.33302,0.317198
0.333358,0.333243,0.333398
0.32931,0.330695,0.339995
0.333449,0.333271,0.33328
0.333437,0.333234,0.333329
0.333476,0.333282,0.333243
0.332514,0.3329,0.334586
0.333341,0.333151,0.333509
0.333438,0.33323,0.333332
0.333421,0.333283,0.333296
0.32948,0.331125,0.339394
0.332548,0.332914,0.334538
0.317676,0.326715,0.355609
0.327051,0.330689,0.34226
0.328177,0.331151,0.340672
0.327389,0.330829,0.341783
0.331104,0.332337,0.336559
0.32936,0.331633,0.339007
0.31819,0.324163,0.357647
0.320482,0.326084,0.353434
0.329651,0.331752,0.338597
0.328308,0.330631,0.341061
0.331222,0.332385,0.336393
0.324348,0.327938,0.347714
0.332434,0.332869,0.334698
0.322434,0.326798,0.350769
0.325442,0.328759,0.345799
0.333486,0.3333,0.333214
0.331634,0.33255,0.335816
0.328674,0.331354,0.339972
0.383941,0.337953,0.278107
0.333421,0.333283,0.333296
0.34518,0.33487,0.31995
0.330003,0.331095,0.338902
0.328048,0.329962,0.34199
0.333423,0.333284,0.333293
0.332875,0.33287,0.334256
0.328262,0.330087,0.341651
0.363154,0.333421,0.303424
0.355758,0.336013,0.308229
0.337036,0.333758,0.329207
0.318592,0.324284,0.357123
0.317117,0.323104,0.359778
0.32505,0.329157,0.345793
0.329015,0.331461,0.339523
0.328849,0.331494,0.339657
0.324709,0.329913,0.345379
0.323528,0.329418,0.347054
0.323787,0.327462,0.348751
0.32015,0.327024,0.352825
0.320093,0.327547,0.352361
0.406497,0.335928,0.257576
0.403847,0.336336,0.259817
0.319266,0.326698,0.354035
0.31652,0.323103,0.360378
0.31658,0.32314,0.36028
0.316442,0.323055,0.360503
0.309403,0.31789,0.372707
0.306639,0.316324,0.377037
0.30187,0.313321,0.384809
0.314434,0.321137,0.364429
0.315281,0.321703,0.363016
0.31646,0.322775,0.360766
0.332192,0.332772,0.335036
0.332898,0.333053,0.33405
0.331455,0.332478,0.336067
0.328956,0.331469,0.339575
0.409535,0.338338,0.252127
0.390919,0.334867,0.274214
0.40482,0.336158,0.259022
0.327949,0.327842,0.344209
0.307468,0.321325,0.371207
0.308954,0.321937,0.369109
0.305734,0.320499,0.373767
0.308955,0.322363,0.368682
0.31556,0.326038,0.358402
0.321711,0.328734,0.349555
0.32258,0.32887,0.34855
0.319334,0.325354,0.355312
0.327948,0.331035,0.341017
0.330445,0.332175,0.33738
0.332868,0.333041,0.33409
0.333421,0.333283,0.333296
0.335163,0.333534,0.331302
0.366429,0.336892,0.296679
0.414166,0.338685,0.247148
0.397799,0.338903,0.263298
0.325665,0.328899,0.345436
0.41964,0.338231,0.242128
0.433689,0.337403,0.228908
0.425457,0.337524,0.237019
0.407096,0.338219,0.254685
0.361447,0.335676,0.302877
0.328354,0.331394,0.340252
0.32165,0.328557,0.349793
0.325378,0.329973,0.344649
0.331844,0.332457,0.335699
0.332323,0.332824,0.334853
0.324027,0.327396,0.348577
0.318865,0.324002,0.357133
0.320457,0.325345,0.354198
0.327198,0.329941,0.342862
0.323164,0.328984,0.347852
0.325109,0.330121,0.34477
0.318836,0.324161,0.357002
0.314227,0.321465,0.364307
0.320796,0.328138,0.351065
0.32048,0.328052,0.351468
0.319308,0.327664,0.353028
0.328887,0.329093,0.342021
0.327682,0.329579,0.34274
0.325381,0.329,0.34562
0.323197,0.329124,0.34768
0.359939,0.33325,0.30681
0.326033,0.329993,0.343974
0.338775,0.333787,0.327438
0.326263,0.328746,0.34499
0.321683,0.325914,0.352403
0.320266,0.325366,0.354368
0.31625,0.32261,0.36114
0.31311,0.320426,0.366464
0.309226,0.317761,0.373014
0.305133,0.31526,0.379607
0.30619,0.316053,0.377757
0.322167,0.326501,0.351332
0.323521,0.327305,0.349173
0.328307,0.330113,0.34158
0.326789,0.329228,0.343983
0.325845,0.328675,0.345481
0.325601,0.328532,0.345867
0.358801,0.335374,0.305825
0.417785,0.326979,0.255235
0.447304,0.335136,0.21756
0.488896,0.32883,0.182274
0.415271,0.334178,0.250551
0.466118,0.332139,0.201743
0.400415,0.326653,0.272932
0.388768,0.327773,0.283459
0.380668,0.328916,0.290416
0.374765,0.330584,0.294651
0.327947,0.329904,0.342149
0.327288,0.329519,0.343193
0.324735,0.328023,0.347242
0.328047,0.329962,0.341992
0.343815,0.332275,0.32391
0.331779,0.332161,0.33606
0.392517,0.33596,0.271523
0.405045,0.337676,0.257279
0.399898,0.33773,0.262372
0.336831,0.333402,0.329767
0.401975,0.336969,0.261055
0.388049,0.335459,0.276492
0.42484,0.33794,0.23722
0.333421,0.333283,0.333296
0.33342,0.333272,0.333308
0.319136,0.324286,0.356578
0.308929,0.317467,0.373604
0.287282,0.303513,0.409204
0.30404,0.315072,0.380888
0.302692,0.314096,0.383212
0.314117,0.321765,0.364118
0.318792,0.32422,0.356988
0.318384,0.323786,0.35783
0.323087,0.327048,0.349866
0.319409,0.324851,0.35574
0.322501,0.326691,0.350807
0.314035,0.321171,0.364793
0.332175,0.332418,0.335407
0.3328,0.333014,0.334186
0.361675,0.336532,0.301793
0.325447,0.328441,0.346112
0.33346,0.333275,0.333265
0.333071,0.332997,0.333932
0.332562,0.332675,0.334763
0.33342,0.333282,0.333298
0.356792,0.33606,0.307148
0.399535,0.33845,0.262015
0.424915,0.337879,0.237207
0.358592,0.336801,0.304607
0.333467,0.333295,0.333238
0.332478,0.332886,0.334636
0.327081,0.329718,0.343202
0.325456,0.328733,0.345811
0.331951,0.332676,0.335373
0.331499,0.332495,0.336006
0.343976,0.333995,0.322029
0.481163,0.332334,0.186503
0.486537,0.331518,0.181945
0.441071,0.335581,0.223348
0.413306,0.324455,0.26224
0.480871,0.322298,0.196832
0.442816,0.323726,0.233458
0.407523,0.325343,0.267134
0.325029,0.328196,0.346775
0.319708,0.325031,0.355261
0.313683,0.321368,0.364949
0.298453,0.310498,0.391049
0.30092,0.313549,0.385531
0.323257,0.329074,0.347669
0.310822,0.322731,0.366446
0.311382,0.323182,0.365436
0.313809,0.325098,0.361093
0.323528,0.329473,0.346999
0.312862,0.324821,0.362317
0.309498,0.32381,0.366692
0.435666,0.338446,0.225888
0.466394,0.33515,0.198456
0.542886,0.31882,0.138293
0.386698,0.339055,0.274247
0.379472,0.337683,0.282845
0.407044,0.337891,0.255066
0.382141,0.33764,0.280219
0.330079,0.331886,0.338035
0.331743,0.332544,0.335713
0.328626,0.331256,0.340118
0.320934,0.327975,0.351091
0.320725,0.327838,0.351438
0.321722,0.328674,0.349603
0.326307,0.33053,0.343163
0.330224,0.326863,0.342913
0.339931,0.330145,0.329923
0.321017,0.327775,0.351208
0.336654,0.330311,0.333035
0.320433,0.327488,0.352079
0.316716,0.326247,0.357037
0.312605,0.324173,0.363222
0.311024,0.323356,0.365621
0.306693,0.321491,0.371816
0.299735,0.317942,0.382323
0.319648,0.327795,0.352557
0.322997,0.329101,0.347901
0.320552,0.328003,0.351445
0.322224,0.328661,0.349115
0.321377,0.328337,0.350286
0.324336,0.329625,0.346039
0.326585,0.329437,0.343977
0.329283,0.331012,0.339705
0.331926,0.332666,0.335408
0.332992,0.33309,0.333918
0.336196,0.33368,0.330124
0.388686,0.338644,0.27267
0.448047,0.335681,0.216273
0.403133,0.335573,0.261295
0.351905,0.335617,0.312478
0.365538,0.336823,0.297639
0.332495,0.332624,0.334881
0.329476,0.33079,0.339734
0.31882,0.324496,0.356684
0.31659,0.323146,0.360264
0.316232,0.322928,0.360841
0.314165,0.321665,0.36417
0.321358,0.326019,0.352623
0.321243,0.32595,0.352807
0.329727,0.330936,0.339338
0.328091,0.329987,0.341922
0.331284,0.331841,0.336875
0.332368,0.332543,0.335089
0.38678,0.33795,0.27527
0.370868,0.337217,0.291916
0.383431,0.337832,0.278737
0.388161,0.337953,0.273887
0.34228,0.334485,0.323235
0.347082,0.33506,0.317859
0.351522,0.335579,0.3129
0.353636,0.3358,0.310564
0.347432,0.335131,0.317437
0.352888,0.335719,0.311393
0.328358,0.330143,0.341499
0.332387,0.332555,0.335059
0.333421,0.333283,0.333296
0.33342,0.333273,0.333308
0.330673,0.331481,0.337846
0.338976,0.334072,0.326952
0.332128,0.332747,0.335126
0.381789,0.337785,0.280426
0.395097,0.338266,0.266637
0.415404,0.3382,0.246396
0.451492,0.332449,0.21606
0.468691,0.334057,0.197253
0.454208,0.335527,0.210265
0.442282,0.336205,0.221513
0.497063,0.328762,0.174175
0.494201,0.328353,0.177446
0.522653,0.32227,0.155077
0.436805,0.336793,0.226403
0.512209,0.326106,0.161685
0.452408,0.33555,0.212042
0.465948,0.333985,0.200068
0.524823,0.322846,0.152331
0.505354,0.327172,0.167475
0.501902,0.3274,0.170699
0.475123,0.328902,0.195975
0.465283,0.332702,0.202015
0.45028,0.33434,0.215379
0.435927,0.329144,0.234928
0.389602,0.329925,0.280473
0.426016,0.327576,0.246408
0.4122,0.325126,0.262674
0.356445,0.333819,0.309736
0.387893,0.327901,0.284206
0.356756,0.334278,0.308965
0.33088,0.3316,0.33752
0.327911,0.329883,0.342206
0.329393,0.330743,0.339865
0.329662,0.330898,0.33944
0.366791,0.335135,0.298074
0.401285,0.326926,0.271789
0.412951,0.32626,0.260789
0.412937,0.32551,0.261553
0.377775,0.329299,0.292926
0.391236,0.327767,0.280997
0.432576,0.335629,0.231796
0.455705,0.332951,0.211344
0.453652,0.333138,0.21321
0.422227,0.333933,0.243841
0.36026,0.336439,0.3033
0.425695,0.336642,0.237664
0.421175,0.336678,0.242147
0.426658,0.337879,0.235463
0.415977,0.33811,0.245912
0.362262,0.336764,0.300973
0.384423,0.338284,0.277293
0.401741,0.337956,0.260303
0.353427,0.335787,0.310786
0.373865,0.337411,0.288724
0.34234,0.334509,0.323151
0.328709,0.330346,0.340945
0.328501,0.330226,0.341273
0.328286,0.330101,0.341613
0.324628,0.32796,0.347412
0.316974,0.322755,0.360271
0.322454,0.326672,0.350873
0.316457,0.322558,0.360984
0.315137,0.322621,0.362242
0.318421,0.326205,0.355374
0.319813,0.327411,0.352776
0.319563,0.327502,0.352936
0.32422,0.327601,0.348179
0.323439,0.327256,0.349305
0.326384,0.328991,0.344625
0.336433,0.333037,0.33053
0.321526,0.328573,0.349901
0.323661,0.329558,0.346781
0.326352,0.328972,0.344676
0.324847,0.328089,0.347064
0.329435,0.33131,0.339255
0.330721,0.331509,0.337771
0.312797,0.321601,0.365602
0.325979,0.330228,0.343792
0.32721,0.330644,0.342145
0.320089,0.325776,0.354135
0.312568,0.320768,0.366664
0.310015,0.319565,0.370419
0.316061,0.325293,0.358646
0.309563,0.31892,0.371517
0.324289,0.327788,0.347924
0.328244,0.331274,0.340482
0.344612,0.333919,0.321469
0.327169,0.32936,0.343471
0.326125,0.328839,0.345036
0.381196,0.329242,0.289562
0.381184,0.329811,0.289005
0.369353,0.333414,0.297233
0.339813,0.333053,0.327134
0.371682,0.332582,0.295736
0.331508,0.331986,0.336506
0.333436,0.333237,0.333328
0.328255,0.330083,0.341662
0.346298,0.334996,0.318706
0.33303,0.33297,0.334
0.331027,0.331685,0.337287
0.328515,0.330202,0.341283
0.32986,0.330982,0.339158
0.379714,0.337372,0.282914
0.382941,0.336577,0.280482
0.365476,0.335128,0.299396
0.310095,0.323546,0.366359
0.315021,0.325758,0.359221
0.314195,0.325289,0.360515
0.314465,0.324933,0.360602
0.323526,0.329059,0.347416
0.319145,0.327698,0.353157
0.3195,0.327936,0.352563
0.327031,0.330681,0.342287
0.333475,0.333282,0.333243
0.332919,0.332893,0.334187
0.333435,0.333238,0.333327
0.333421,0.333283,0.333296
0.333202,0.333066,0.333731
0.332966,0.332922,0.334112
0.359391,0.336103,0.304506
0.360864,0.3342,0.304936
0.424252,0.322722,0.253026
0.43951,0.322308,0.238182
0.393325,0.336614,0.270061
0.361757,0.335751,0.302492
0.354048,0.335262,0.31069
0.336586,0.333209,0.330205
0.326854,0.329412,0.343734
0.3285,0.330377,0.341123
0.326293,0.330595,0.343112
0.326965,0.330382,0.342653
0.329618,0.331738,0.338644
0.324144,0.328336,0.34752
0.332288,0.33281,0.334902
0.327343,0.329755,0.342902
0.322804,0.327035,0.35016
0.333421,0.333283,0.333296
0.331748,0.332175,0.336077
0.355428,0.336178,0.308393
0.393208,0.338051,0.268742
0.432702,0.33728,0.230018
0.397539,0.338133,0.264329
0.41809,0.337991,0.243919
0.387541,0.338581,0.273878
0.388943,0.337738,0.273319
0.389565,0.337334,0.273101
0.439148,0.336883,0.223969
0.425681,0.337736,0.236584
0.333421,0.333283,0.333296
0.416286,0.337745,0.24597
0.402053,0.331026,0.266921
0.355595,0.336005,0.3084
0.332488,0.33262,0.334891
0.342396,0.334524,0.32308
0.333421,0.333283,0.333296
0.330109,0.331156,0.338735
0.330232,0.331227,0.338541
0.325414,0.328422,0.346164
0.326368,0.328982,0.34465
0.327764,0.329797,0.342439
0.328671,0.330325,0.341004
0.324009,0.327594,0.348397
0.324929,0.327879,0.347192
0.329008,0.33052,0.340472
0.36152,0.335722,0.302758
0.408317,0.329866,0.261817
0.455196,0.316363,0.228441
0.417094,0.336769,0.246137
0.434621,0.336163,0.229216
0.411888,0.329968,0.258145
0.373513,0.337431,0.289056
0.417674,0.33674,0.245586
0.341413,0.334309,0.324278
0.330152,0.331181,0.338667
0.330207,0.331213,0.33858
0.321166,0.32612,0.352714
0.311904,0.320512,0.367585
0.323125,0.328491,0.348383
0.316362,0.323061,0.360576
0.32676,0.330724,0.342516
0.324992,0.329855,0.345153
0.323462,0.329265,0.347273
0.322301,0.328867,0.348832
0.325015,0.330032,0.344953
0.322839,0.328913,0.348248
0.316476,0.323588,0.359936
0.319039,0.324797,0.356164
0.326016,0.328918,0.345066
0.329329,0.331554,0.339117
0.317819,0.324298,0.357883
0.313964,0.321838,0.364198
0.324506,0.327887,0.347607
0.328118,0.331194,0.340688
0.322529,0.327137,0.350334
0.322109,0.326475,0.351416
0.327357,0.33062,0.342023
0.320519,0.328168,0.351313
0.316917,0.3266,0.356482
0.317851,0.326793,0.355356
0.309707,0.322745,0.367548
0.308891,0.322771,0.368338
0.292204,0.313396,0.3944
0.292644,0.313606,0.393749
0.307187,0.32189,0.370923
0.304562,0.320605,0.374833
0.303409,0.319889,0.376702
0.307964,0.322316,0.369721
0.311097,0.324055,0.364848
0.310603,0.323781,0.365617
0.324763,0.330018,0.345219
0.321401,0.328659,0.34994
0.343106,0.334136,0.322758
0.373638,0.331772,0.29459
0.427781,0.336194,0.236025
0.41369,0.337787,0.248524
0.428433,0.337468,0.234099
0.461284,0.334264,0.204452
0.482072,0.330704,0.187225
0.475402,0.331836,0.192763
0.35998,0.336721,0.303299
0.31742,0.325797,0.356783
0.324448,0.329444,0.346108
0.317097,0.326372,0.356531
0.302322,0.318792,0.378885
0.311621,0.323758,0.364621
0.307187,0.321025,0.371788
0.319051,0.327011,0.353938
0.310865,0.322993,0.366142
0.301417,0.317093,0.38149
0.302497,0.316625,0.380878
0.324482,0.329887,0.345631
0.313243,0.323026,0.36373
0.325019,0.328966,0.346015
0.331324,0.332436,0.33624
0.321981,0.327432,0.350587
0.322798,0.327708,0.349494
0.327432,0.330495,0.342073
0.355321,0.331806,0.312873
0.396979,0.337771,0.265249
0.352292,0.335681,0.312028
0.333233,0.333186,0.333581
0.336744,0.333761,0.329495
0.335433,0.333573,0.330994
0.330808,0.331741,0.337451
0.347311,0.334916,0.317773
0.333421,0.333283,0.333296
0.329366,0.331505,0.339129
0.32117,0.328188,0.350642
0.323245,0.329163,0.347591
0.324442,0.329552,0.346006
0.325148,0.33002,0.344832
0.324977,0.330035,0.344988
0.32309,0.328891,0.348018
0.304403,0.320703,0.374894
0.295421,0.315996,0.388583
0.286094,0.310156,0.403749
0.306498,0.321226,0.372275
0.312876,0.324222,0.362902
0.306614,0.321342,0.372043
0.307843,0.322053,0.370104
0.307029,0.321905,0.371066
0.298939,0.316728,0.384333
0.302848,0.31934,0.377812
0.410998,0.337101,0.2519
0.429819,0.335978,0.234204
0.380472,0.337179,0.282349
0.353022,0.335752,0.311227
0.371236,0.336808,0.291956
0.375812,0.337683,0.286505
0.333273,0.333109,0.333618
0.40027,0.338298,0.261432
0.330106,0.331956,0.337938
0.323393,0.327393,0.349215
0.323507,0.327946,0.348547
0.312625,0.321529,0.365846
0.31694,0.32466,0.3584
0.325769,0.330344,0.343887
0.324564,0.32969,0.345746
0.321123,0.328338,0.350539
0.323982,0.329279,0.346739
0.324997,0.32997,0.345033
0.3236,0.328675,0.347725
0.316082,0.325913,0.358005
0.319791,0.327502,0.352707
0.312663,0.324198,0.363139
0.310565,0.32311,0.366325
0.315625,0.325337,0.359038
0.323715,0.329039,0.347246
0.365578,0.335125,0.299296
0.36678,0.336957,0.296263
0.333388,0.333213,0.333399
0.333421,0.333283,0.333296
0.332667,0.332736,0.334598
0.333421,0.333283,0.333296
0.333421,0.333283,0.333296
0.336746,0.333758,0.329496
0.340204,0.334232,0.325564
0.371992,0.336915,0.291093
0.301012,0.317927,0.381061
0.296192,0.315614,0.388194
0.308142,0.321829,0.370029
0.308017,0.321823,0.370161
0.308043,0.321823,0.370135
0.307412,0.32166,0.370929
0.308428,0.321876,0.369696
0.313302,0.324403,0.362296
0.311283,0.323236,0.365481
0.310471,0.32295,0.36658
0.329438,0.331259,0.339304
0.326814,0.330813,0.342374
0.310322,0.323268,0.36641
0.309043,0.322451,0.368506
0.305778,0.320769,0.373453
0.301907,0.318621,0.379472
0.295514,0.31541,0.389077
0.299011,0.317442,0.383547
0.30044,0.318316,0.381244
0.308429,0.321994,0.369577
0.297361,0.316722,0.385917
0.367497,0.334117,0.298386
0.517445,0.323784,0.15877
0.545647,0.317001,0.137352
0.547189,0.316588,0.136223
0.57458,0.307398,0.118022
0.48948,0.329804,0.180716
0.506517,0.325827,0.167656
0.597329,0.296796,0.105875
0.442461,0.329495,0.228044
0.307639,0.308643,0.383718
0.262527,0.297176,0.440297
0.254473,0.292208,0.453319
0.242628,0.284375,0.472997
0.243889,0.285342,0.470769
0.263165,0.297571,0.439264
0.25329,0.291693,0.455017
0.258035,0.294094,0.447871
0.28559,0.310415,0.403995
0.299205,0.317123,0.383672
0.297339,0.316381,0.38628
0.300119,0.317761,0.38212
0.440743,0.332895,0.226362
0.397408,0.332967,0.269625
0.36057,0.331295,0.308135
0.376482,0.329659,0.293859
0.390875,0.331354,0.277771
0.319362,0.326871,0.353767
0.324574,0.328342,0.347084
0.328147,0.331059,0.340794
0.324824,0.327881,0.347295
0.321346,0.326127,0.352528
0.320042,0.325358,0.354599
0.324372,0.329665,0.345963
0.316231,0.325668,0.3581
0.318326,0.326686,0.354988
0.31353,0.324742,0.361728
0.318451,0.326589,0.35496
0.326748,0.330435,0.342818
0.320099,0.327806,0.352095
0.313309,0.324653,0.362038
0.313814,0.324876,0.36131
0.307767,0.322186,0.370047
0.314813,0.325506,0.359681
0.310256,0.322942,0.366802
0.313943,0.324521,0.361536
0.326592,0.328673,0.344735
0.309164,0.32205,0.368786
0.310759,0.321438,0.367803
0.429348,0.33411,0.236542
0.418694,0.335047,0.246259
0.487088,0.328945,0.183967
0.504884,0.325814,0.169302
0.496037,0.327532,0.176431
0.33252,0.332649,0.334832
0.375598,0.337701,0.2867
0.383426,0.338098,0.278476
0.343154,0.334544,0.322302
0.358154,0.336019,0.305827
0.33195,0.332573,0.335477
0.352433,0.335073,0.312493
0.332754,0.332792,0.334455
0.341674,0.333619,0.324706
0.397142,0.327707,0.275152
0.461561,0.331148,0.207291
0.444507,0.326401,0.229092
0.467902,0.327072,0.205025
0.502641,0.326557,0.170802
0.530308,0.319969,0.149723
0.517464,0.322931,0.159605
0.447838,0.335243,0.216919
0.436839,0.333744,0.229417
0.39567,0.335418,0.268912
0.436543,0.335125,0.228332
0.461486,0.331305,0.207209
0.439868,0.33649,0.223642
0.425196,0.337399,0.237405
0.421332,0.337503,0.241164
0.385889,0.337929,0.276181
0.430857,0.336855,0.232287
0.465578,0.332922,0.2015
0.413362,0.337785,0.248853
0.448599,0.335485,0.215917
0.472979,0.332477,0.194544
0.313035,0.324301,0.362664
0.308854,0.321821,0.369325
0.31026,0.322477,0.367263
0.308141,0.321611,0.370248
0.309745,0.32244,0.367814
0.315913,0.32531,0.358777
0.313603,0.324281,0.362116
0.325022,0.329558,0.34542
0.336053,0.333661,0.330286
0.32825,0.331321,0.340429
0.321735,0.327134,0.351131
0.319943,0.325912,0.354145
0.311275,0.321188,0.367537
0.308733,0.32011,0.371158
0.311381,0.321474,0.367146
0.314632,0.323408,0.36196
0.315903,0.325898,0.358199
0.311248,0.323793,0.364959
0.312679,0.32417,0.36315
0.319502,0.327196,0.353301
0.396618,0.335993,0.26739
0.393218,0.335642,0.27114
0.428333,0.334884,0.236783
0.478356,0.3189,0.202744
0.485631,0.317711,0.196658
0.422096,0.325737,0.252166
0.331464,0.331958,0.336578
0.338689,0.333765,0.327546
0.331427,0.332448,0.336125
0.326201,0.329043,0.344756
0.329132,0.330591,0.340277
0.330242,0.331233,0.338524
0.331342,0.331878,0.33678
0.333428,0.333285,0.333287
0.332895,0.332883,0.334223
0.362394,0.336257,0.301349
0.405096,0.337704,0.2572
0.381154,0.337616,0.281229
0.332944,0.332908,0.334148
0.361596,0.336534,0.30187
0.352501,0.335675,0.311824
0.382806,0.337698,0.279497
0.333436,0.333236,0.333328
0.33358,0.333323,0.333097
0.331729,0.332129,0.336142
0.330479,0.33137,0.338151
0.329784,0.330969,0.339247
0.328717,0.330351,0.340932
0.330173,0.33077,0.339057
0.34558,0.334336,0.320084
0.328134,0.330012,0.341854
0.315206,0.321952,0.362842
0.324932,0.328309,0.346759
0.328058,0.330403,0.341539
0.333234,0.333186,0.33358
0.332182,0.332768,0.335049
0.33358,0.333323,0.333098
0.333472,0.33328,0.333248
0.325944,0.329511,0.344545
0.324172,0.328078,0.34775
0.322562,0.326869,0.350568
0.333421,0.333283,0.333296
0.328174,0.329938,0.341888
0.32907,0.330556,0.340374
0.331631,0.332066,0.336303
0.332072,0.332351,0.335577
0.331767,0.332154,0.336079
0.332383,0.332552,0.335065
0.521591,0.315261,0.163147
0.467312,0.332933,0.199756
0.515143,0.323593,0.161264
0.469956,0.329752,0.200292
0.504961,0.320033,0.175007
0.505374,0.318939,0.175687
0.466183,0.32348,0.210337
0.40629,0.334912,0.258798
0.317275,0.325005,0.35772
0.362513,0.332483,0.305004
0.324544,0.329627,0.345829
0.322525,0.328724,0.348751
0.327405,0.330861,0.341735
0.325419,0.329883,0.344698
0.331779,0.332608,0.335613
0.324884,0.329611,0.345505
0.318203,0.326655,0.355142
0.328432,0.331423,0.340144
0.327495,0.33102,0.341486
0.330839,0.332231,0.336931
0.331466,0.332192,0.336342
0.328224,0.331186,0.34059
0.325703,0.3302,0.344097
0.324678,0.32971,0.345612
0.319417,0.327375,0.353208
0.327325,0.330741,0.341933
0.32519,0.330125,0.344685
0.316423,0.323163,0.360414
0.325023,0.329626,0.34535
0.321824,0.328084,0.350092
0.315232,0.325207,0.359561
0.315307,0.325264,0.35943
0.309278,0.321763,0.368959
0.363959,0.332731,0.30331
0.380584,0.333537,0.285879
0.359952,0.332438,0.30761
0.411287,0.335072,0.253641
0.292942,0.31398,0.393077
0.312293,0.324324,0.363383
0.3066,0.321627,0.371773
0.313088,0.324881,0.362031
0.318413,0.327238,0.35435
0.321654,0.32848,0.349866
0.325243,0.329886,0.344871
0.325037,0.329751,0.345212
0.319688,0.327343,0.352969
0.308895,0.322283,0.368822
0.456247,0.334651,0.209102
0.477836,0.332639,0.189524
0.478627,0.332423,0.18895
0.480673,0.332139,0.187188
0.479024,0.333078,0.187898
0.386069,0.338965,0.274966
0.298816,0.31902,0.382165
0.301865,0.320391,0.377744
0.302097,0.320498,0.377405
0.287687,0.312884,0.399429
0.284367,0.310792,0.404841
0.288968,0.312753,0.398278
0.298254,0.317264,0.384481
0.296637,0.316017,0.387346
0.297634,0.316656,0.38571
0.293097,0.314205,0.392697
0.307696,0.321368,0.370936
0.326764,0.326149,0.347087
0.365356,0.33507,0.299574
0.331579,0.332032,0.336389
0.332786,0.332813,0.334401
0.328968,0.330496,0.340536
0.329476,0.33079,0.339734
0.329668,0.330902,0.33943
0.331047,0.331696,0.337257
0.330434,0.331414,0.338152
0.330017,0.331272,0.33871
0.333162,0.333143,0.333695
0.333421,0.333283,0.333296
0.333421,0.333283,0.333296
0.329416,0.330756,0.339828
0.331045,0.331695,0.33726
0.333558,0.333314,0.333127
0.33215,0.332408,0.335442
0.333421,0.333283,0.333296
0.333421,0.333283,0.333296
0.333421,0.333283,0.333296
0.329864,0.331015,0.339121
0.322022,0.326546,0.351432
0.329501,0.331616,0.338883
0.327009,0.330869,0.342122
0.328201,0.330789,0.34101
0.328679,0.331484,0.339838
0.329584,0.331856,0.33856
0.315779,0.322733,0.361489
0.315044,0.322271,0.362684
0.320187,0.325474,0.354339
0.333024,0.333103,0.333873
0.351636,0.335265,0.313098
0.333557,0.333318,0.333125
0.333421,0.333283,0.333296
0.363636,0.336698,0.299666
0.385137,0.337877,0.276986
0.454581,0.334302,0.211117
0.471078,0.331474,0.197448
0.452184,0.334194,0.213622
0.457738,0.333114,0.209149
0.456366,0.333366,0.210269
0.336947,0.333784,0.32927
0.361703,0.336294,0.302003
0.328646,0.33031,0.341045
0.329816,0.330987,0.339198
0.331712,0.332118,0.33617
0.330091,0.331146,0.338763
0.330383,0.331314,0.338303
0.328644,0.330309,0.341047
0.329785,0.330969,0.339246
0.331307,0.331856,0.336836
0.333421,0.333283,0.333296
0.343417,0.334651,0.321932
0.406828,0.33569,0.257482
0.431929,0.335857,0.232213
0.455701,0.333595,0.210704
0.435531,0.336515,0.227955
0.462485,0.334132,0.203383
0.46709,0.333714,0.199195
0.430585,0.337792,0.231623
0.406436,0.337859,0.255705
0.416802,0.337904,0.245293
0.413323,0.338156,0.248521
0.392963,0.33808,0.268957
0.365665,0.336856,0.297479
0.333109,0.333009,0.333882
0.336694,0.333749,0.329558
0.333302,0.333127,0.333572
0.338701,0.334022,0.327277
0.378301,0.33658,0.285119
0.315125,0.325454,0.35942
0.317063,0.326279,0.356658
0.319753,0.327237,0.353009
0.319788,0.327131,0.353081
0.312084,0.323579,0.364337
0.311363,0.323438,0.365199
0.310995,0.32321,0.365795
0.312837,0.324122,0.363041
0.367667,0.334035,0.298298
0.374957,0.335702,0.289341
0.357714,0.335423,0.306862
0.336708,0.332219,0.331074
0.349668,0.332304,0.318028
0.333421,0.333283,0.333296
0.333433,0.333286,0.33328
0.333421,0.333283,0.333296
0.333151,0.333035,0.333814
0.332729,0.332777,0.334493
0.332271,0.332496,0.335232
0.332908,0.332886,0.334205
0.333432,0.333245,0.333323
0.332675,0.332964,0.334361
0.331067,0.331708,0.337225
0.33084,0.332255,0.336905
0.332154,0.332792,0.335054
0.330217,0.331219,0.338564
0.347475,0.333881,0.318643
0.348439,0.333651,0.317911
0.328174,0.330036,0.34179
0.345888,0.332379,0.321733
0.376879,0.336202,0.286919
0.349379,0.333902,0.316719
0.377771,0.332095,0.290134
0.390293,0.330442,0.279265
0.362125,0.335141,0.302734
0.317302,0.326094,0.356604
0.316376,0.325679,0.357945
0.31289,0.324635,0.362475
0.307626,0.322047,0.370327
0.308236,0.322306,0.369458
0.312762,0.324381,0.362857
0.30887,0.322706,0.368424
0.315563,0.32574,0.358697
0.383046,0.338357,0.278598
0.431994,0.337814,0.230192
0.406352,0.338257,0.255391
0.389797,0.337986,0.272217
0.40562,0.337471,0.25691
0.383077,0.337767,0.279156
0.375817,0.337507,0.286676
0.378584,0.337604,0.283812
0.37721,0.337578,0.285213
0.391712,0.338118,0.27017
0.429177,0.335309,0.235514
0.319215,0.327067,0.353718
0.313882,0.324814,0.361303
0.317646,0.326668,0.355686
0.316042,0.325811,0.358147
0.321125,0.328031,0.350844
0.323779,0.32909,0.347131
0.32422,0.329285,0.346495
0.326279,0.330134,0.343587
0.328372,0.330031,0.341597
0.322246,0.32668,0.351075
0.330913,0.331619,0.337467
0.331089,0.33172,0.337191
0.329298,0.330688,0.340014
0.328195,0.330048,0.341758
0.33029,0.331261,0.338449
0.328287,0.330101,0.341612
0.316817,0.32318,0.360004
0.32588,0.328491,0.345628
0.327209,0.329593,0.343199
0.328779,0.330387,0.340834
0.322283,0.326411,0.351305
0.325251,0.328157,0.346592
0.32832,0.330001,0.341679
0.326541,0.330494,0.342965
0.323722,0.329483,0.346795
0.328521,0.331349,0.34013
0.375648,0.330167,0.294185
0.324982,0.328168,0.34685
0.323375,0.327219,0.349406
0.324181,0.327503,0.348316
0.326173,0.328698,0.345129
0.317166,0.323497,0.359337
0.322562,0.326507,0.350931
0.328022,0.329947,0.342031
0.33344,0.333215,0.333345
0.330159,0.331185,0.338657
0.333431,0.333209,0.333361
0.362701,0.33659,0.300709
0.361293,0.336467,0.30224
0.450814,0.335981,0.213205
0.435515,0.336909,0.227577
0.456446,0.335044,0.208511
0.461871,0.334525,0.203604
0.44941,0.335914,0.214677
0.393953,0.338145,0.267902
0.379158,0.337613,0.283229
0.372562,0.337609,0.289829
0.385059,0.338071,0.27687
0.381816,0.33804,0.280144
0.389283,0.338363,0.272354
0.404808,0.338558,0.256634
0.422075,0.33796,0.239965
0.425845,0.336711,0.237445
0.394762,0.334207,0.271031
0.432248,0.335088,0.232664
0.421198,0.33442,0.244382
0.403467,0.337563,0.25897
0.390225,0.338029,0.271746
0.41063,0.33801,0.25136
0.366365,0.336898,0.296737
0.377608,0.337571,0.284821
0.341719,0.334414,0.323867
0.333325,0.333222,0.333453
0.333158,0.333156,0.333687
0.332914,0.333059,0.334026
0.333371,0.33324,0.333388
0.331742,0.332593,0.335666
0.318975,0.324702,0.356323
0.317607,0.32385,0.358543
0.312089,0.32048,0.367431
0.306869,0.317218,0.375913
0.300999,0.313488,0.385514
0.308624,0.318348,0.373028
0.304226,0.315504,0.38027
0.310248,0.319378,0.370374
0.323392,0.32726,0.349348
0.325738,0.328975,0.345287
0.347758,0.334295,0.317947
0.329481,0.331657,0.338862
0.32524,0.329799,0.344961
0.372133,0.336039,0.291828
0.39979,0.337849,0.262361
0.408094,0.337749,0.254158
0.387947,0.336662,0.275391
0.325543,0.3297,0.344757
0.325895,0.33029,0.343815
0.318875,0.324881,0.356244
0.315591,0.322313,0.362096
0.32894,0.33048,0.34058
0.329229,0.330648,0.340123
0.314868,0.322099,0.363034
0.318761,0.324391,0.356849
0.32014,0.325209,0.354651
0.317111,0.323551,0.359337
0.319083,0.32479,0.356127
0.333421,0.333283,0.333296
0.332377,0.332561,0.335062
0.333421,0.333283,0.333296
0.333421,0.333283,0.333296
0.34269,0.334557,0.322753
0.337729,0.333378,0.328893
0.333421,0.333283,0.333296
0.431937,0.335978,0.232085
0.432492,0.333049,0.234459
0.46816,0.329421,0.202418
0.486637,0.326284,0.187079
0.467338,0.328462,0.2042
0.443745,0.330523,0.225731
0.421826,0.330286,0.247888
0.408414,0.334313,0.257273
0.459782,0.33455,0.205668
0.452595,0.33573,0.211675
0.37335,0.337309,0.289342
0.401105,0.338053,0.260842
0.358922,0.336251,0.304827
0.333421,0.333283,0.333296
0.352897,0.335685,0.311419
0.368195,0.336999,0.294806
0.355451,0.335935,0.308614
0.333421,0.333283,0.333296
0.331836,0.33223,0.335934
0.338257,0.333962,0.327781
0.344755,0.332755,0.322491
0.333421,0.333283,0.333296
0.333388,0.333213,0.333398
0.333327,0.333223,0.333451
0.331862,0.332641,0.335497
0.323108,0.327184,0.349708
0.325666,0.329887,0.344447
0.325568,0.330208,0.344224
0.327395,0.33085,0.341754
0.325396,0.32979,0.344814
0.327491,0.330882,0.341627
0.330056,0.331845,0.338099
0.330275,0.331674,0.338051
0.33339,0.333248,0.333363
0.333421,0.333283,0.333296
0.328169,0.331316,0.340515
0.329051,0.33099,0.33996
0.381305,0.329061,0.289634
0.327632,0.32972,0.342648
0.327289,0.32952,0.343191
0.328225,0.330065,0.341709
0.328169,0.330032,0.341799
0.323424,0.327248,0.349328
0.319476,0.324488,0.356036
0.324421,0.327837,0.347742
0.33507,0.332155,0.332775
0.329724,0.33189,0.338386
0.328946,0.33142,0.339633
0.344334,0.333483,0.322182
0.316138,0.32639,0.357472
0.353612,0.333415,0.312973
0.319656,0.327535,0.352809
0.317195,0.326804,0.356002
0.317648,0.3269,0.355451
0.319107,0.327419,0.353474
0.331514,0.332571,0.335915
0.34975,0.334932,0.315319
0.389909,0.337575,0.272517
0.375107,0.331054,0.293839
0.367698,0.332145,0.300156
0.431271,0.326899,0.24183
0.416086,0.336325,0.247588
0.372021,0.334685,0.293293
0.321802,0.328058,0.35014
0.401561,0.33735,0.26109
0.317367,0.326146,0.356487
0.318955,0.326754,0.354291
0.324103,0.329352,0.346545
0.319553,0.327188,0.353258
0.321452,0.328226,0.350322
0.322869,0.329211,0.34792
0.321642,0.328524,0.349835
0.325653,0.330175,0.344172
0.401762,0.326282,0.271956
0.36883,0.335613,0.295557
0.383513,0.33548,0.281007
0.391297,0.328066,0.280637
0.394201,0.327767,0.278032
0.372633,0.335601,0.291767
0.394115,0.337494,0.26839
0.377859,0.337274,0.284867
0.381139,0.337753,0.281108
0.398374,0.338428,0.263198
0.329717,0.331863,0.338421
0.336019,0.333741,0.33024
0.332712,0.332979,0.334309
0.332126,0.332746,0.335128
0.331395,0.332454,0.336151
0.328079,0.331156,0.340765
0.321558,0.328367,0.350075
0.323863,0.329618,0.346519
0.328528,0.331393,0.340079
0.329862,0.331878,0.33826
0.326604,0.329295,0.344101
0.325789,0.329129,0.345082
0.328586,0.331421,0.339993
0.325464,0.329898,0.344637
0.324546,0.329363,0.346092
0.325354,0.329837,0.344809
0.332703,0.33264,0.334657
0.340622,0.333394,0.325984
0.325937,0.330053,0.34401
0.324578,0.329434,0.345988
0.327431,0.330065,0.342504
0.325334,0.330008,0.344658
0.323919,0.329402,0.346679
0.335916,0.332812,0.331272
0.326533,0.329636,0.343832
0.354911,0.335387,0.309701
0.326999,0.330868,0.342133
0.319578,0.324675,0.355747
0.31915,0.325442,0.355408
0.320718,0.32543,0.353852
0.32935,0.330718,0.339932
0.348395,0.332843,0.318761
0.332393,0.332559,0.335048
0.333457,0.333241,0.333303
0.33321,0.333086,0.333705
0.362893,0.33206,0.305047
0.353766,0.335798,0.310436
0.380781,0.330476,0.288743
0.390264,0.337667,0.27207
0.354418,0.332681,0.3129
0.324302,0.327862,0.347836
0.331263,0.332415,0.336322
0.328849,0.331409,0.339742
0.326624,0.330508,0.342869
0.32616,0.330263,0.343577
0.321272,0.328237,0.350491
0.316874,0.326188,0.356938
0.302401,0.316419,0.38118
0.323796,0.329418,0.346785
0.313606,0.322287,0.364107
0.314551,0.322001,0.363448
0.31335,0.322271,0.364379
0.317086,0.324391,0.358522
0.318505,0.325203,0.356292
0.319671,0.325744,0.354585
0.328465,0.330686,0.340849
0.333203,0.333174,0.333623
0.329634,0.331191,0.339175
0.32243,0.326975,0.350595
0.319385,0.326658,0.353958
0.303723,0.317185,0.379092
0.300858,0.312841,0.3863
0.314669,0.321794,0.363537
0.329075,0.33115,0.339775
0.327513,0.330997,0.34149
0.325056,0.328861,0.346083
0.310016,0.319747,0.370237
0.324425,0.327889,0.347686
0.32922,0.331567,0.339212
0.393444,0.337704,0.268852
0.504154,0.32774,0.168107
0.427419,0.337559,0.235022
0.370588,0.336033,0.293379
0.364109,0.334143,0.301748
0.359654,0.334497,0.305849
0.373278,0.337444,0.289278
0.470874,0.333447,0.195678
0.32795,0.330579,0.341471
0.377754,0.337636,0.28461
0.423709,0.338176,0.238115
0.351457,0.334696,0.313847
0.401946,0.338337,0.259717
0.366063,0.336681,0.297256
0.328648,0.331505,0.339848
0.329706,0.331781,0.338514
0.327857,0.330816,0.341327
0.325393,0.329613,0.344995
0.328977,0.331426,0.339596
0.331083,0.332329,0.336588
0.330094,0.331931,0.337975
0.329429,0.331345,0.339225
0.329841,0.331828,0.338331
0.328518,0.331291,0.340191
0.33007,0.331921,0.338009
0.331037,0.33231,0.336653
0.333421,0.333283,0.333296
0.331751,0.332596,0.335653
0.33344,0.333268,0.333292
0.332509,0.332899,0.334592
0.332921,0.333062,0.334017
0.333422,0.333203,0.333374
0.332663,0.332736,0.334601
0.331139,0.331801,0.33706
0.333421,0.333283,0.333296
0.36151,0.336504,0.301986
0.331782,0.332197,0.336021
0.365031,0.336793,0.298177
0.333421,0.333283,0.333296
0.332901,0.332882,0.334217
0.332253,0.332486,0.335261
0.355809,0.336006,0.308185
0.456264,0.334122,0.209613
0.426481,0.326018,0.247501
0.314686,0.325851,0.359462
0.398405,0.338627,0.262968
0.342072,0.334489,0.323439
0.324266,0.329813,0.345921
0.318937,0.325554,0.355509
0.312593,0.322224,0.365183
0.311301,0.3213,0.367399
0.302947,0.317195,0.379857
0.322206,0.327106,0.350688
0.322805,0.327231,0.349964
0.327144,0.329589,0.343266
0.325952,0.329085,0.344964
0.357353,0.336224,0.306423
0.362259,0.336256,0.301485
0.346678,0.333475,0.319846
0.424299,0.337506,0.238195
0.329795,0.329779,0.340426
0.327517,0.329874,0.342609
0.322297,0.328803,0.3489
0.327306,0.330865,0.341829
0.322717,0.329093,0.34819
0.327156,0.33081,0.342034
0.323938,0.329603,0.346459
0.326569,0.329442,0.343988
0.328244,0.331352,0.340404
0.327186,0.330813,0.342002
0.324759,0.329947,0.345294
0.318515,0.325912,0.355572
0.32567,0.330091,0.344238
0.317865,0.326776,0.355359
0.319882,0.327629,0.352488
0.318739,0.327198,0.354063
0.321292,0.32821,0.350497
0.32208,0.328623,0.349297
0.314289,0.324561,0.36115
0.31755,0.326491,0.355959
0.320496,0.327631,0.351874
0.323169,0.329165,0.347666
0.325175,0.32908,0.345745
0.329731,0.331821,0.338447
0.318846,0.325585,0.355569
0.314789,0.323955,0.361256
0.307072,0.318541,0.374387
0.301037,0.313423,0.38554
0.308091,0.31771,0.374199
0.291283,0.306723,0.401994
0.302817,0.313844,0.383339
0.300586,0.312072,0.387342
0.301459,0.313008,0.385534
0.308638,0.317233,0.374129
0.314697,0.321282,0.364021
0.329732,0.330939,0.339329
0.32974,0.330943,0.339316
0.329839,0.331001,0.33916
0.307104,0.317364,0.375532
0.319939,0.325213,0.354847
0.324961,0.32832,0.346719
0.330785,0.331908,0.337306
0.323482,0.327434,0.349084
0.329751,0.331313,0.338936
0.33224,0.332641,0.335118
0.302387,0.31414,0.383473
0.30973,0.317978,0.372291
0.30835,0.3172,0.37445
0.319132,0.324684,0.356184
0.319704,0.325028,0.355268
0.314884,0.321884,0.363232
0.321507,0.326108,0.352385
0.332772,0.332804,0.334424
0.333168,0.33316,0.333672
0.33234,0.332831,0.334829
0.322284,0.328697,0.349019
0.29366,0.316645,0.389695
0.293553,0.316582,0.389865
0.281313,0.310076,0.408612
0.286989,0.313213,0.399798
0.287746,0.313324,0.398929
0.299007,0.319113,0.381881
0.316697,0.326591,0.356712
0.400732,0.337141,0.262127
0.456246,0.333513,0.21024
0.435885,0.335304,0.228811
0.477644,0.326484,0.195873
0.454819,0.332993,0.212188
0.428192,0.331039,0.240769
0.436858,0.336122,0.22702
0.462767,0.333466,0.203767
0.432113,0.334241,0.233646
0.448801,0.333414,0.217785
0.425124,0.335346,0.23953
0.357607,0.333229,0.309164
0.387956,0.336196,0.275849
0.425764,0.336551,0.237685
0.410456,0.338734,0.250811
0.387814,0.338052,0.274134
0.332823,0.330343,0.336834
0.405432,0.338877,0.255691
0.385015,0.338335,0.276649
0.361636,0.337,0.301364
0.371715,0.337902,0.290383
0.422668,0.338175,0.239157
0.39617,0.338311,0.265519
0.387865,0.336945,0.27519
0.345729,0.331148,0.323123
0.378573,0.33669,0.284737
0.407201,0.337617,0.255182
0.389993,0.337174,0.272833
0.361138,0.334712,0.30415
0.379075,0.336757,0.284168
0.322764,0.328811,0.348425
0.322479,0.32863,0.348892
0.329809,0.331902,0.338289
0.327737,0.330892,0.341371
0.331477,0.332501,0.336022
0.323901,0.329003,0.347097
0.32253,0.328209,0.349261
0.314861,0.324543,0.360597
0.317423,0.326395,0.356182
0.313813,0.324801,0.361386
0.317069,0.32623,0.356701
0.319414,0.327246,0.35334
0.320301,0.32781,0.351889
0.312877,0.323841,0.363282
0.305175,0.318239,0.376587
0.306844,0.319683,0.373473
0.301588,0.315526,0.382886
0.303142,0.31601,0.380847
0.31023,0.319326,0.370444
0.313283,0.321255,0.365461
0.329634,0.331744,0.338622
0.331846,0.332634,0.33552
0.329911,0.331702,0.338387
0.326398,0.329369,0.344234
0.327018,0.330676,0.342307
0.32729,0.330788,0.341922
0.327236,0.330766,0.341999
0.326936,0.330642,0.342421
0.350815,0.335654,0.313531
0.42545,0.338376,0.236174
0.473989,0.332946,0.193065
0.424181,0.338238,0.237581
0.405027,0.338932,0.256041
0.361747,0.337036,0.301218
0.380933,0.337877,0.28119
0.362941,0.336643,0.300416
0.37303,0.337055,0.289915
0.338815,0.331995,0.32919
0.324978,0.330009,0.345013
0.330529,0.331926,0.337546
0.330099,0.33193,0.337971
0.327588,0.330271,0.342141
0.332032,0.332718,0.335251
0.333383,0.333245,0.333372
0.330545,0.332107,0.337348
0.323104,0.328182,0.348714
0.328096,0.331004,0.3409
0.317454,0.323772,0.358774
