AAPL,NVDA,TSLA
0,0,0
0,0,0
0,0,0
0,0,0
0,0,0
0,0,0
0,0,0
0,0,0
0,0,0
0.329104,0.340273,0.330623
0.329298,0.339979,0.330723
0.333333,0.333333,0.333333
0.332722,0.320798,0.346481
0.332085,0.311956,0.355959
0.331236,0.302752,0.366012
0.332284,0.314474,0.353243
0.332009,0.311039,0.356952
0.331983,0.310735,0.357282
0.332647,0.319016,0.348337
0.333287,0.339861,0.326852
0.332908,0.353304,0.313789
0.333238,0.342712,0.32405
0.333165,0.345827,0.321008
0.33301,0.350836,0.316154
0.333238,0.342651,0.324111
0.333109,0.34767,0.319222
0.33332,0.338681,0.327999
0.333286,0.340716,0.325998
0.333161,0.346623,0.320216
0.333278,0.342649,0.324072
0.332927,0.333609,0.333463
0.33123,0.336638,0.332132
0.333333,0.333333,0.333333
0.330172,0.338452,0.331376
0.3326,0.333832,0.333568
0.331272,0.336712,0.332016
0.33257,0.334635,0.332795
0.333347,0.325916,0.340737
0.333363,0.327103,0.339535
0.333205,0.322025,0.34477
0.333004,0.32272,0.344276
0.333298,0.32502,0.341683
0.333289,0.327518,0.339193
0.333332,0.329932,0.336735
0.332966,0.325042,0.341991
0.333156,0.324554,0.34229
0.332851,0.322948,0.344201
0.333326,0.333133,0.333541
0.333244,0.33097,0.335787
0.333314,0.332786,0.3339
0.333333,0.333333,0.333333
0.333333,0.333333,0.333333
0.333333,0.333333,0.333333
0.333296,0.331648,0.335056
0.333357,0.329857,0.336786
0.332459,0.334811,0.33273
0.333317,0.333218,0.333465
0.333362,0.330226,0.336412
0.332114,0.335388,0.332498
0.331924,0.335732,0.332344
0.33337,0.329364,0.337266
0.333295,0.333385,0.33332
0.333373,0.327753,0.338874
0.333358,0.331053,0.335589
0.33263,0.33457,0.332801
0.333361,0.328399,0.338239
0.333355,0.331399,0.335246
0.333268,0.331591,0.33514
0.333288,0.339477,0.327235
0.333229,0.342938,0.323833
0.333026,0.35014,0.316833
0.333133,0.346863,0.320004
0.333309,0.338747,0.327944
0.333333,0.333333,0.333333
0.333368,0.333189,0.333444
0.333317,0.333334,0.333349
0.332992,0.33386,0.333148
0.332425,0.334826,0.332749
0.333333,0.333333,0.333333
0.333333,0.333333,0.333333
0.33336,0.328664,0.337976
0.33336,0.327588,0.339052
0.333359,0.329379,0.337263
0.333358,0.329745,0.336897
0.333358,0.326829,0.339813
0.33327,0.324973,0.341757
0.333286,0.325298,0.341415
0.333356,0.326092,0.340552
0.333354,0.32559,0.341057
0.332695,0.321876,0.345429
0.332718,0.320773,0.346509
0.33258,0.318608,0.348812
0.33279,0.32205,0.34516
0.330805,0.298738,0.370457
0.331468,0.305071,0.363461
0.331492,0.30535,0.363159
0.330666,0.297513,0.371821
0.330573,0.296713,0.372714
0.331019,0.300688,0.368293
0.332382,0.316808,0.35081
0.331817,0.309249,0.358934
0.331222,0.302641,0.366137
0.330778,0.298502,0.370719
0.332405,0.316619,0.350975
0.331942,0.309947,0.35811
0.332769,0.321566,0.345665
0.332763,0.321468,0.345769
0.333023,0.327144,0.339834
0.333359,0.329001,0.33764
0.333356,0.326132,0.340512
0.332747,0.334325,0.332927
0.331936,0.335725,0.332338
0.331864,0.335857,0.332279
0.331117,0.337092,0.331791
0.330802,0.337632,0.331566
0.330748,0.337698,0.331554
0.328651,0.341157,0.330192
0.329929,0.338622,0.33145
0.332203,0.334885,0.332912
0.333316,0.336792,0.329891
0.333311,0.330299,0.336389
0.333228,0.330586,0.336186
0.33329,0.332148,0.334562
0.331828,0.335779,0.332393
0.328752,0.340305,0.330944
0.329933,0.338894,0.331172
0.332707,0.334388,0.332905
0.330924,0.337392,0.331683
0.330212,0.338618,0.331171
0.329699,0.33948,0.330821
0.329621,0.339612,0.330767
0.329348,0.340097,0.330555
0.329793,0.339456,0.330752
0.33185,0.335949,0.332201
0.332767,0.304101,0.363131
0.333292,0.318822,0.347885
0.333371,0.324428,0.342201
0.33334,0.320717,0.345943
0.333375,0.327624,0.339001
0.333371,0.328869,0.33776
0.330829,0.337814,0.331356
0.329556,0.339897,0.330547
0.32924,0.340316,0.330444
0.330132,0.338871,0.330998
0.33019,0.338718,0.331092
0.331312,0.336863,0.331825
0.331482,0.336462,0.332056
0.331229,0.336496,0.332275
0.331828,0.335537,0.332635
0.331665,0.336163,0.332172
0.33337,0.329379,0.337251
0.333352,0.325247,0.341402
0.333371,0.327206,0.339423
0.332175,0.33525,0.332575
0.333232,0.333489,0.33328
0.333334,0.333546,0.333119
0.333336,0.336175,0.330489
0.332893,0.334045,0.333062
0.333039,0.333533,0.333428
0.333291,0.339725,0.326984
0.333288,0.339641,0.327071
0.333226,0.333507,0.333268
0.333237,0.33349,0.333273
0.333305,0.339557,0.327139
0.333332,0.337367,0.329301
0.333322,0.337528,0.32915
0.333335,0.330862,0.335803
0.333305,0.338066,0.328629
0.333202,0.344019,0.322779
0.33318,0.345061,0.321759
0.333044,0.349416,0.31754
0.332555,0.360746,0.306699
0.332548,0.360869,0.306583
0.333227,0.343954,0.322819
0.333276,0.341679,0.325046
0.332462,0.362408,0.30513
0.332237,0.366101,0.301661
0.332448,0.362783,0.304769
0.33257,0.360137,0.307293
0.332667,0.358978,0.308355
0.332816,0.356004,0.31118
0.332824,0.35597,0.311206
0.333071,0.349734,0.317195
0.333245,0.343688,0.323067
0.333334,0.336894,0.329772
0.331696,0.33613,0.332174
0.332149,0.33534,0.332511
0.333357,0.3312,0.335443
0.333359,0.327142,0.339499
0.333333,0.333333,0.333333
0.332313,0.314862,0.352825
0.332681,0.320153,0.347166
0.332622,0.319243,0.348135
0.332216,0.31359,0.354194
0.332099,0.312131,0.355769
0.333541,0.322464,0.343996
0.333534,0.331367,0.335099
0.333032,0.350135,0.316832
0.332983,0.350994,0.316023
0.333295,0.33921,0.327495
0.333333,0.333333,0.333333
0.332862,0.333694,0.333444
0.332603,0.334558,0.332839
0.331965,0.335606,0.332429
0.33265,0.334513,0.332836
0.332812,0.334198,0.332989
0.33319,0.333583,0.333227
0.33336,0.328285,0.338355
0.333338,0.328737,0.337925
0.333226,0.328128,0.338646
0.33321,0.330797,0.335992
0.333263,0.331452,0.335285
0.333198,0.329885,0.336917
0.33323,0.33064,0.336129
0.333267,0.33155,0.335183
0.33336,0.328661,0.337979
0.333267,0.328301,0.338432
0.333174,0.330034,0.336792
0.333306,0.333352,0.333342
0.333352,0.331742,0.334907
0.333086,0.347911,0.319003
0.33304,0.350103,0.316857
0.33325,0.342398,0.324352
0.333291,0.339475,0.327235
0.333324,0.337242,0.329434
0.333173,0.345149,0.321677
0.333159,0.346322,0.32052
0.333222,0.344162,0.322616
0.333226,0.343318,0.323456
0.333189,0.34488,0.321931
0.333281,0.327378,0.339341
0.333242,0.32644,0.340317
0.333217,0.328826,0.337957
0.3331,0.328493,0.338407
0.333139,0.329108,0.337753
0.333231,0.330653,0.336116
0.333094,0.327567,0.339339
0.333311,0.337334,0.329354
0.333315,0.338447,0.328238
0.33321,0.344533,0.322257
0.332895,0.35372,0.313385
0.33281,0.355991,0.3112
0.332908,0.353688,0.313403
0.332886,0.354534,0.312581
0.333111,0.348983,0.317906
0.333051,0.350469,0.31648
0.332984,0.350679,0.316337
0.332996,0.350687,0.316317
0.333212,0.343563,0.323225
0.333176,0.34525,0.321575
0.333195,0.344701,0.322104
0.333135,0.346829,0.320035
0.333309,0.338101,0.32859
0.332845,0.322846,0.34431
0.333063,0.326929,0.340008
0.332906,0.323926,0.343168
0.333115,0.328028,0.338857
0.332978,0.325254,0.341769
0.33323,0.328877,0.337893
0.333397,0.332232,0.33437
0.333388,0.332719,0.333893
0.333362,0.333695,0.332943
0.333221,0.343297,0.323482
0.333233,0.342912,0.323855
0.333123,0.347375,0.319502
0.333244,0.342268,0.324488
0.333268,0.340605,0.326127
0.333324,0.336056,0.33062
0.333233,0.330707,0.336059
0.333319,0.333334,0.333347
0.333308,0.333334,0.333358
0.333335,0.333819,0.332847
0.333244,0.330984,0.335772
0.333226,0.330528,0.336246
0.333328,0.333171,0.333502
0.332854,0.334127,0.333018
0.332086,0.335451,0.332463
0.333336,0.336133,0.330531
0.333286,0.342331,0.324383
0.332924,0.354493,0.312583
0.33325,0.34372,0.32303
0.333286,0.342338,0.324376
0.333333,0.333333,0.333333
0.333306,0.339791,0.326903
0.333307,0.340143,0.32655
0.333136,0.347149,0.319715
0.332918,0.353469,0.313613
0.332994,0.350319,0.316687
0.333245,0.343483,0.323272
0.331498,0.336155,0.332346
0.331256,0.336738,0.332005
0.333344,0.332439,0.334216
0.333336,0.336165,0.330499
0.33093,0.33725,0.33182
0.331927,0.335614,0.332459
0.331966,0.335645,0.33239
0.332365,0.334975,0.33266
0.333213,0.333468,0.333319
0.33336,0.328027,0.338613
0.333359,0.329297,0.337344
0.33336,0.328797,0.337843
0.33314,0.333629,0.33323
0.333351,0.331812,0.334837
0.332563,0.334694,0.332743
0.332739,0.3344,0.332861
0.333339,0.332813,0.333848
0.333372,0.3288,0.337827
0.333333,0.322906,0.343761
0.333359,0.32688,0.339761
0.333215,0.330572,0.336212
0.333081,0.327306,0.339613
0.333383,0.327948,0.338669
0.332585,0.318685,0.34873
0.33272,0.32078,0.3465
0.33347,0.328973,0.337557
0.33303,0.350046,0.316924
0.332763,0.356584,0.310653
0.332392,0.363671,0.303937
0.3321,0.368627,0.299273
0.333022,0.35131,0.315669
0.333058,0.349365,0.317577
0.333146,0.32651,0.340344
0.333307,0.323308,0.343385
0.333116,0.325282,0.341603
0.333345,0.329119,0.337536
0.333027,0.326756,0.340217
0.333325,0.322666,0.344009
0.333291,0.319834,0.346875
0.333299,0.320328,0.346374
0.333275,0.328055,0.33867
0.333357,0.326266,0.340377
0.333333,0.333333,0.333333
0.333289,0.332134,0.334577
0.333324,0.333065,0.333611
0.333344,0.33388,0.332775
0.333288,0.332111,0.334601
0.33337,0.333206,0.333424
0.333425,0.331388,0.335186
0.333428,0.331688,0.334884
0.332984,0.350523,0.316493
0.333152,0.346035,0.320813
0.332413,0.316219,0.351368
0.3327,0.320458,0.346842
0.333349,0.328062,0.338589
0.332927,0.324311,0.342762
0.333323,0.327403,0.339274
0.333301,0.339395,0.327304
0.333475,0.332549,0.333976
0.333402,0.325951,0.340647
0.332521,0.318067,0.349411
0.332023,0.310819,0.357158
0.333209,0.342504,0.324286
0.333133,0.345017,0.321851
0.333211,0.33225,0.334539
0.333222,0.331497,0.335281
0.333269,0.326784,0.339947
0.333219,0.339069,0.327713
0.333335,0.333719,0.332947
0.332289,0.335025,0.332686
0.332488,0.334795,0.332717
0.331694,0.336134,0.332172
0.333263,0.333381,0.333356
0.33336,0.327436,0.339204
0.333119,0.328114,0.338767
0.333099,0.327674,0.339227
0.333038,0.33381,0.333151
0.332866,0.334107,0.333027
0.332128,0.334987,0.332885
0.333333,0.333333,0.333333
0.333271,0.342734,0.323996
0.333157,0.347337,0.319506
0.333282,0.342582,0.324136
0.333303,0.341053,0.325645
0.333333,0.333333,0.333333
0.333333,0.333333,0.333333
0.332357,0.333997,0.333646
0.333333,0.333333,0.333333
0.333176,0.33344,0.333384
0.333333,0.333333,0.333333
0.333333,0.333333,0.333333
0.333322,0.333334,0.333344
0.333325,0.333334,0.333341
0.333331,0.332921,0.333749
0.332682,0.33443,0.332888
0.332674,0.334438,0.332888
0.333085,0.333735,0.33318
0.33315,0.333631,0.333219
0.333186,0.33357,0.333244
0.333103,0.333712,0.333185
0.328528,0.340279,0.331193
0.332116,0.334955,0.332929
0.332485,0.334734,0.332781
0.332485,0.334741,0.332774
0.333325,0.336377,0.330298
0.333221,0.333519,0.33326
0.333356,0.331189,0.335455
0.333333,0.333333,0.333333
0.333333,0.333333,0.333333
0.333333,0.333333,0.333333
0.332012,0.311073,0.356915
0.333278,0.331801,0.334921
0.333184,0.329546,0.33727
0.333067,0.327014,0.339919
0.33302,0.326071,0.340909
0.332752,0.32129,0.345958
0.332901,0.323831,0.343268
0.333029,0.326299,0.340672
0.333246,0.33102,0.335734
0.333333,0.333333,0.333333
0.333333,0.333333,0.333333
0.333157,0.328934,0.337909
0.33309,0.327486,0.339424
0.333057,0.326807,0.340136
0.332833,0.322645,0.344522
0.333088,0.327447,0.339466
0.333061,0.326895,0.340044
0.332934,0.324439,0.342627
0.333112,0.327994,0.338894
0.332899,0.323795,0.343307
0.333353,0.32848,0.338167
0.333315,0.337048,0.329637
0.333392,0.33246,0.334148
0.333323,0.335949,0.330728
0.333319,0.336926,0.329755
0.333278,0.340579,0.326143
0.333295,0.33918,0.327525
0.333321,0.337226,0.329453
0.333326,0.336389,0.330285
0.333445,0.331899,0.334656
0.332918,0.324147,0.342935
0.333196,0.327619,0.339186
0.333383,0.332146,0.33447
0.333407,0.331839,0.334754
0.333214,0.330261,0.336524
0.333115,0.328026,0.338859
0.333082,0.327314,0.339605
0.333131,0.328367,0.338502
0.333301,0.333335,0.333364
0.33327,0.33164,0.33509
0.333185,0.329576,0.337239
0.333239,0.330866,0.335895
0.333228,0.33058,0.336193
0.333311,0.330929,0.33576
0.333319,0.331919,0.334763
0.333161,0.329022,0.337817
0.333317,0.333361,0.333322
0.33333,0.333334,0.333336
0.333009,0.33385,0.333141
0.332037,0.334215,0.333748
0.332307,0.334031,0.333662
0.333008,0.333554,0.333438
0.333337,0.335601,0.331062
0.333332,0.337261,0.329406
0.333334,0.336704,0.329962
0.333337,0.334965,0.331698
0.33325,0.342818,0.323932
0.333072,0.34941,0.317518
0.333049,0.350051,0.3169
0.332898,0.353342,0.313759
0.333095,0.347424,0.319481
0.332984,0.35119,0.315827
0.333155,0.346007,0.320837
0.333232,0.342608,0.32416
0.333203,0.344032,0.322765
0.333133,0.346721,0.320146
0.333194,0.344644,0.322162
0.333206,0.344417,0.322377
0.333243,0.342058,0.3247
0.333333,0.333333,0.333333
0.333334,0.336992,0.329674
0.333202,0.344398,0.3224
0.333335,0.333683,0.332983
0.332673,0.333782,0.333545
0.333333,0.333333,0.333333
0.333333,0.333333,0.333333
0.333333,0.333333,0.333333
0.333333,0.333333,0.333333
0.332723,0.333748,0.333529
0.333301,0.338241,0.328458
0.33318,0.329499,0.337321
0.333333,0.333333,0.333333
0.333335,0.336668,0.329998
0.333423,0.330866,0.335711
0.333367,0.330869,0.335763
0.333249,0.331098,0.335653
0.333317,0.336539,0.330144
0.333233,0.330705,0.336062
0.333333,0.333333,0.333333
0.33218,0.335262,0.332558
0.333335,0.333955,0.33271
0.333326,0.333334,0.333341
0.333109,0.333486,0.333405
0.333006,0.333556,0.333438
0.333326,0.336674,0.330001
0.33329,0.338386,0.328324
0.333197,0.329849,0.336954
0.332932,0.324404,0.342664
0.33296,0.325793,0.341248
0.332861,0.323915,0.343224
0.333068,0.327409,0.339523
0.332985,0.32704,0.339975
0.332766,0.321514,0.345721
0.333061,0.326677,0.340262
0.333315,0.327503,0.339182
0.333348,0.324714,0.341937
0.33334,0.323657,0.343003
0.332311,0.335098,0.332591
0.332222,0.335212,0.332567
0.331551,0.336303,0.332146
0.332444,0.334823,0.332733
0.331814,0.335859,0.332327
0.33205,0.335461,0.332489
0.333321,0.333334,0.333345
0.333324,0.336401,0.330275
0.333223,0.326132,0.340644
0.333541,0.330809,0.33565
0.333413,0.33427,0.332317
0.333324,0.336892,0.329784
0.333332,0.335516,0.331152
0.33329,0.339192,0.327517
0.333336,0.334546,0.332118
0.33285,0.333662,0.333488
0.331229,0.33674,0.332031
0.329874,0.339013,0.331113
0.329979,0.338905,0.331116
0.327253,0.343258,0.329488
0.329147,0.340396,0.330457
0.328739,0.340787,0.330474
0.328622,0.340686,0.330692
0.329982,0.33899,0.331029
0.331465,0.336499,0.332036
0.333374,0.327674,0.338952
0.333354,0.331429,0.335217
0.333359,0.329111,0.33753
0.333355,0.330456,0.336189
0.333082,0.328747,0.338171
0.33335,0.330292,0.336359
0.333073,0.327772,0.339155
0.332918,0.324546,0.342536
0.333179,0.329467,0.337353
0.333328,0.333192,0.33348
0.332422,0.334846,0.332732
0.333333,0.333333,0.333333
0.333085,0.327384,0.339531
0.333296,0.333401,0.333303
0.331665,0.335754,0.332581
0.333113,0.333673,0.333214
0.332803,0.334194,0.333004
0.333333,0.333333,0.333333
0.333335,0.333992,0.332672
0.333217,0.34391,0.322873
0.333233,0.343046,0.323721
0.333319,0.337985,0.328696
0.333316,0.337962,0.328723
0.333291,0.340715,0.325994
0.333222,0.343469,0.323309
0.33326,0.340602,0.326138
0.333333,0.335708,0.330959
0.332976,0.325223,0.341802
0.332441,0.31663,0.350929
0.332927,0.324303,0.34277
0.332963,0.324983,0.342054
0.332943,0.3246,0.342457
0.333331,0.333272,0.333397
0.332913,0.32406,0.343027
0.333296,0.333389,0.333315
0.333331,0.336056,0.330613
0.333337,0.334849,0.331815
0.333326,0.337336,0.329337
0.333333,0.333333,0.333333
0.333326,0.337638,0.329036
0.333324,0.338226,0.32845
0.333333,0.333333,0.333333
0.333303,0.339314,0.327383
0.333292,0.34038,0.326329
0.333214,0.342,0.324785
0.33325,0.341145,0.325605
0.333184,0.341981,0.324835
0.333305,0.339743,0.326953
0.333336,0.334259,0.332405
0.332941,0.3336,0.333459
0.333332,0.335113,0.331555
0.333284,0.340874,0.325843
0.333104,0.348325,0.318571
0.333203,0.344577,0.32222
0.333231,0.341221,0.325548
0.333308,0.338838,0.327855
0.333302,0.339176,0.327521
0.333221,0.341744,0.325035
0.333115,0.346388,0.320496
0.33315,0.343637,0.323212
0.333101,0.341446,0.325453
0.33287,0.32195,0.34518
0.332928,0.323616,0.343457
0.332684,0.319515,0.3478
0.333317,0.320147,0.346536
0.333427,0.325022,0.341551
0.333445,0.330722,0.335834
0.333541,0.32838,0.338079
0.333286,0.33874,0.327974
0.332944,0.350594,0.316463
0.333075,0.348967,0.317959
0.333029,0.350066,0.316905
0.332982,0.351374,0.315644
0.33328,0.339974,0.326746
0.333353,0.334289,0.332359
0.333107,0.327843,0.33905
0.333326,0.333123,0.333551
0.333305,0.33256,0.334135
0.333244,0.33099,0.335766
0.333125,0.328226,0.338649
0.333159,0.328975,0.337866
0.333349,0.331459,0.335192
0.333359,0.326872,0.339769
0.333123,0.329265,0.337613
0.333434,0.327444,0.339123
0.333393,0.322313,0.344294
0.332892,0.323736,0.343372
0.333349,0.324476,0.342176
0.333289,0.327715,0.338996
0.333274,0.324736,0.34199
0.333334,0.327258,0.339408
0.33336,0.324035,0.342605
0.333358,0.32659,0.340052
0.333374,0.326561,0.340064
0.33334,0.332807,0.333854
0.333325,0.335588,0.331087
0.333325,0.337764,0.328911
0.33333,0.337032,0.329638
0.333284,0.340086,0.32663
0.333351,0.333164,0.333484
0.333293,0.33223,0.334477
0.333334,0.333277,0.333389
0.333123,0.33371,0.333167
0.333228,0.333514,0.333258
0.333122,0.333687,0.33319
0.333333,0.333333,0.333333
0.33333,0.333334,0.333336
0.332695,0.334388,0.332916
0.333353,0.331396,0.335251
0.333185,0.338133,0.328683
0.333243,0.342966,0.323791
0.333221,0.342332,0.324447
0.333097,0.346819,0.320085
0.33321,0.343301,0.323489
0.3334,0.333372,0.333228
0.333324,0.324614,0.342061
0.33325,0.319767,0.346983
0.332738,0.31975,0.347512
0.332904,0.321262,0.345834
0.332785,0.323615,0.343599
0.333507,0.323091,0.343403
0.333507,0.324056,0.342437
0.333351,0.325309,0.34134
0.333162,0.323196,0.343642
0.333415,0.322193,0.344392
0.333118,0.328089,0.338793
0.333119,0.328108,0.338773
0.333315,0.332807,0.333878
0.33333,0.333334,0.333336
0.333269,0.33162,0.335111
0.333343,0.332342,0.334316
0.332587,0.334591,0.332823
0.333306,0.332586,0.334108
0.333319,0.334153,0.332527
0.332274,0.334053,0.333672
0.331667,0.335494,0.33284
0.333333,0.333333,0.333333
0.333333,0.333333,0.333333
0.332679,0.333778,0.333543
0.331435,0.335873,0.332692
0.333333,0.333333,0.333333
0.333326,0.33737,0.329304
0.333011,0.333552,0.333437
0.333255,0.333387,0.333358
0.333004,0.326451,0.340545
0.333104,0.327405,0.339491
0.33267,0.319718,0.347612
0.332602,0.319403,0.347996
0.332697,0.320173,0.34713
0.333032,0.326083,0.340885
0.333267,0.331549,0.335185
0.333311,0.333334,0.333355
0.332813,0.333992,0.333194
0.332592,0.334546,0.332862
0.332394,0.334524,0.333082
0.332643,0.334429,0.332928
0.332695,0.334333,0.332971
0.332916,0.333999,0.333085
0.333042,0.3338,0.333158
0.333256,0.331287,0.335457
0.331731,0.30794,0.360328
0.332204,0.310759,0.357037
0.333475,0.325095,0.34143
0.33354,0.326654,0.339807
0.332707,0.317953,0.349341
0.333303,0.323205,0.343492
0.33326,0.32536,0.34138
0.332775,0.323067,0.344159
0.332513,0.31776,0.349728
0.332511,0.317751,0.349738
0.333004,0.333921,0.333075
0.33336,0.32789,0.33875
0.33292,0.323394,0.343686
0.33265,0.321767,0.345583
0.332604,0.316828,0.350568
0.331957,0.310461,0.357581
0.331771,0.308337,0.359892
0.33203,0.311674,0.356296
0.332266,0.315293,0.352441
0.332413,0.3164,0.351187
0.332067,0.311741,0.356192
0.332697,0.32041,0.346893
0.33284,0.322772,0.344388
0.333111,0.327927,0.338963
0.333184,0.329542,0.337274
0.332952,0.324769,0.342279
0.333235,0.330758,0.336007
0.333102,0.327744,0.339154
0.331398,0.304359,0.364243
0.329962,0.291731,0.378308
0.3282,0.279453,0.392347
0.328914,0.284123,0.386963
0.328422,0.280869,0.39071
0.326461,0.269314,0.404225
0.32707,0.272693,0.400237
0.329507,0.288305,0.382188
0.328872,0.283841,0.387288
0.328394,0.280692,0.390914
0.331272,0.303183,0.365545
0.331673,0.307229,0.361098
0.331854,0.309237,0.358909
0.331745,0.30802,0.360235
0.331959,0.310447,0.357594
0.333079,0.327266,0.339655
0.333362,0.332338,0.3343
0.333297,0.329535,0.337167
0.333453,0.332148,0.334399
0.332725,0.320845,0.346431
0.332822,0.322525,0.344653
0.333371,0.332895,0.333733
0.332496,0.333903,0.333602
0.333333,0.333374,0.333292
0.333333,0.333333,0.333333
0.33326,0.334472,0.332267
0.332882,0.322198,0.34492
0.333299,0.327543,0.339158
0.33296,0.325119,0.341921
0.333412,0.327368,0.33922
0.333322,0.336967,0.329711
0.333152,0.336736,0.330112
0.333462,0.326587,0.339951
0.333469,0.326142,0.340388
0.333365,0.334034,0.332601
0.333255,0.336322,0.330423
0.333521,0.328532,0.337947
0.333282,0.325162,0.341556
0.333462,0.332111,0.334427
0.332158,0.312858,0.354984
0.331911,0.309895,0.358194
0.332178,0.313111,0.354711
0.332381,0.315771,0.351849
0.332561,0.318332,0.349107
0.332609,0.319049,0.348342
0.332616,0.319155,0.348228
0.331693,0.336077,0.33223
0.333343,0.332334,0.334323
0.333304,0.332547,0.334149
0.333328,0.333334,0.333339
0.333333,0.333333,0.333333
0.333335,0.333808,0.332857
0.333319,0.333216,0.333465
0.333329,0.334928,0.331743
0.333328,0.334945,0.331727
0.333047,0.326371,0.340582
0.332069,0.311761,0.35617
0.33276,0.321415,0.345826
0.332715,0.320698,0.346587
0.332802,0.322111,0.345088
0.332656,0.319766,0.347578
0.332742,0.321132,0.346126
0.33301,0.32587,0.34112
0.33216,0.31289,0.35495
0.332487,0.317246,0.350267
0.332991,0.325506,0.341504
0.332911,0.324022,0.343067
0.333333,0.333333,0.333333
0.333333,0.333333,0.333333
0.333333,0.333333,0.333333
0.333322,0.333334,0.333344
0.333267,0.331559,0.335174
0.333029,0.326247,0.340724
0.333333,0.333333,0.333333
0.333282,0.331935,0.334784
0.333058,0.326838,0.340104
0.332739,0.321077,0.346184
0.332154,0.312814,0.355032
0.332181,0.313233,0.354586
0.332769,0.318118,0.349113
0.332539,0.317405,0.350057
0.3326,0.31891,0.34849
0.332574,0.318519,0.348907
0.333099,0.327241,0.339661
0.333155,0.333633,0.333212
0.333359,0.329417,0.337225
0.332897,0.334096,0.333007
0.333339,0.332875,0.333787
0.333362,0.330516,0.336121
0.333338,0.332401,0.334261
0.333333,0.333333,0.333333
0.332999,0.333808,0.333194
0.333347,0.324464,0.342189
0.333015,0.323745,0.34324
0.332705,0.32086,0.346435
0.332921,0.324279,0.342799
0.3327,0.320452,0.346848
0.332616,0.319153,0.348231
0.332496,0.317387,0.350116
0.332455,0.316801,0.350744
0.332436,0.316527,0.351037
0.332844,0.32284,0.344316
0.333333,0.335075,0.331592
0.33323,0.33349,0.333279
0.333343,0.333361,0.333296
0.333333,0.333333,0.333333
0.333333,0.333333,0.333333
0.332599,0.333833,0.333569
0.332763,0.333721,0.333516
0.331747,0.335935,0.332318
0.332333,0.334797,0.33287
0.333302,0.33246,0.334239
0.333188,0.329646,0.337166
0.333333,0.333333,0.333333
0.332131,0.335323,0.332545
0.333116,0.333676,0.333208
0.332946,0.333961,0.333094
0.333322,0.333334,0.333344
0.332382,0.3349,0.332718
0.331369,0.336546,0.332085
0.330928,0.336969,0.332103
0.330516,0.33728,0.332204
0.330936,0.336239,0.332825
0.332739,0.333737,0.333524
0.333244,0.341982,0.324774
0.333277,0.340203,0.32652
0.333333,0.333333,0.333333
0.333333,0.333333,0.333333
0.328658,0.3408,0.330542
0.330532,0.337901,0.331566
0.329331,0.339885,0.330785
0.330234,0.338512,0.331254
0.330015,0.338925,0.33106
0.329347,0.339967,0.330687
0.325657,0.345876,0.328467
0.326107,0.345099,0.328793
0.328313,0.341374,0.330313
0.33033,0.338392,0.331278
0.332202,0.334103,0.333695
0.329522,0.338784,0.331694
0.330231,0.33827,0.331499
0.331656,0.3357,0.332644
0.332317,0.334292,0.333391
0.331673,0.335769,0.332559
0.332381,0.315777,0.351842
0.333069,0.327058,0.339873
0.332742,0.321134,0.346124
0.332824,0.322484,0.344692
0.332535,0.31794,0.349526
0.332469,0.317001,0.350529
0.33246,0.316875,0.350664
0.332534,0.316935,0.350532
0.333159,0.322713,0.344128
0.332793,0.317881,0.349326
0.333315,0.337692,0.328992
0.333326,0.336965,0.329709
0.333259,0.337236,0.329504
0.333151,0.329744,0.337105
0.333355,0.330437,0.336208
0.333126,0.328256,0.338618
0.332871,0.323312,0.343817
0.333358,0.329656,0.336986
0.33336,0.327963,0.338677
0.33336,0.327874,0.338766
0.332972,0.333975,0.333053
0.333357,0.329981,0.336662
0.333245,0.330641,0.336113
0.333234,0.32978,0.336986
0.333192,0.326925,0.339884
0.333328,0.336479,0.330193
0.333333,0.333333,0.333333
0.333334,0.333479,0.333187
0.333336,0.330029,0.336635
0.332914,0.324075,0.343011
0.332699,0.320443,0.346858
0.332751,0.321276,0.345973
0.332256,0.314105,0.353639
0.332215,0.313588,0.354197
0.332074,0.311827,0.356099
0.33227,0.314297,0.353432
0.33239,0.315892,0.351719
0.331561,0.306035,0.362404
0.333296,0.335891,0.330813
0.3334,0.330602,0.335998
0.333175,0.336876,0.329949
0.333205,0.340034,0.326761
0.333176,0.338531,0.328293
0.333254,0.342143,0.324604
0.333271,0.33968,0.327049
0.333002,0.327362,0.339637
0.332433,0.316177,0.35139
0.333075,0.327187,0.339737
0.333181,0.329495,0.337324
0.333342,0.332449,0.334209
0.33336,0.328798,0.337843
0.333308,0.328553,0.338139
0.333343,0.323961,0.342697
0.333208,0.319794,0.346999
0.333258,0.32032,0.346422
0.333271,0.319505,0.347223
0.33255,0.317329,0.35012
0.332187,0.316054,0.351759
0.331694,0.307559,0.360747
0.332031,0.311234,0.356736
0.331811,0.308747,0.359442
0.331986,0.310773,0.357241
0.331507,0.305474,0.363019
0.332051,0.311549,0.3564
0.332333,0.315128,0.352539
0.333474,0.33002,0.336507
0.333196,0.333426,0.333377
0.332611,0.334203,0.333187
0.333336,0.334096,0.332569
0.333333,0.333333,0.333333
0.333333,0.333333,0.333333
0.333045,0.333529,0.333426
0.332157,0.334593,0.333249
0.331531,0.336246,0.332223
0.331584,0.336176,0.33224
0.331449,0.33645,0.3321
0.331892,0.335707,0.332401
0.331493,0.334942,0.333566
0.330224,0.338141,0.331634
0.331358,0.336557,0.332085
0.330614,0.337741,0.331645
0.330999,0.337189,0.331812
0.332848,0.334136,0.333016
0.332385,0.334915,0.3327
0.333333,0.333333,0.333333
0.333333,0.333333,0.333333
0.333237,0.333399,0.333364
0.33336,0.328048,0.338592
0.332968,0.333984,0.333048
0.333157,0.333453,0.33339
0.332048,0.335415,0.332537
0.333333,0.333333,0.333333
0.332714,0.333755,0.333532
0.332673,0.333782,0.333545
0.332461,0.334816,0.332723
0.333216,0.330824,0.335961
0.332508,0.334703,0.332789
0.332478,0.334745,0.332777
0.33309,0.333716,0.333194
0.33312,0.333653,0.333227
0.333298,0.332365,0.334337
0.333116,0.328049,0.338834
0.333251,0.331157,0.335592
0.333115,0.328019,0.338866
0.333149,0.328761,0.33809
0.332741,0.334274,0.332985
0.333286,0.333335,0.333379
0.331733,0.334422,0.333845
0.333264,0.333381,0.333356
0.331744,0.335556,0.3327
0.332986,0.33357,0.333445
0.332575,0.333849,0.333576
0.333333,0.333333,0.333333
0.332789,0.333703,0.333508
0.331126,0.336542,0.332332
0.331938,0.335625,0.332437
0.33322,0.333513,0.333266
0.332581,0.31862,0.348799
0.332826,0.322524,0.34465
0.332727,0.320889,0.346383
0.333059,0.326859,0.340082
0.333118,0.328082,0.3388
0.333159,0.328978,0.337863
0.333267,0.331582,0.33515
0.333257,0.331292,0.335451
0.333306,0.33258,0.334114
0.333333,0.333333,0.333333
0.333333,0.333333,0.333333
0.333214,0.33352,0.333266
0.332393,0.334891,0.332716
0.332743,0.334309,0.332948
0.33257,0.334622,0.332808
0.333172,0.333618,0.33321
0.33303,0.326264,0.340706
0.332869,0.323317,0.343814
0.332871,0.32308,0.34405
0.332898,0.323792,0.343309
0.332817,0.322365,0.344818
0.332956,0.321381,0.345663
0.333526,0.329978,0.336496
0.33354,0.328656,0.337804
0.333542,0.33043,0.336027
0.333548,0.327174,0.339278
0.333412,0.333179,0.33341
0.333328,0.336035,0.330637
0.333294,0.338829,0.327877
0.333348,0.333164,0.333488
0.332883,0.334063,0.333054
0.331665,0.336069,0.332266
0.332364,0.334946,0.33269
0.331611,0.3362,0.332189
0.331569,0.336284,0.332147
0.332093,0.335415,0.332493
0.33132,0.33672,0.33196
0.331072,0.337095,0.331833
0.331853,0.335813,0.332334
0.333333,0.333333,0.333333
0.333331,0.335278,0.331391
0.333326,0.334284,0.33239
0.333279,0.339916,0.326805
0.33331,0.337617,0.329074
0.333281,0.339893,0.326826
0.333217,0.34338,0.323402
0.333244,0.342023,0.324733
0.333347,0.335684,0.330969
0.333217,0.34347,0.323313
0.333416,0.332607,0.333977
0.333446,0.332105,0.334448
0.333448,0.332128,0.334425
0.333431,0.327344,0.339225
0.333508,0.328829,0.337664
0.333006,0.325573,0.341421
0.3327,0.32207,0.34523
0.332674,0.321087,0.346239
0.332763,0.32159,0.345647
0.332684,0.319895,0.347421
0.333005,0.326898,0.340097
0.333322,0.329331,0.337347
0.333357,0.329867,0.336775
0.333358,0.329459,0.337182
0.333363,0.330223,0.336414
0.333262,0.331437,0.335301
0.333333,0.333333,0.333333
0.333333,0.333333,0.333333
0.333333,0.333333,0.333333
0.333333,0.333333,0.333333
0.333326,0.333127,0.333547
0.333002,0.325722,0.341276
0.332888,0.323664,0.343448
0.332809,0.322982,0.344208
0.333027,0.327604,0.339369
0.332915,0.325454,0.341631
0.333069,0.328195,0.338736
0.333044,0.326552,0.340404
0.333088,0.327453,0.339459
0.333377,0.330277,0.336346
0.333333,0.333333,0.333333
0.333333,0.333333,0.333333
0.333012,0.333551,0.333436
0.332603,0.33383,0.333567
0.333333,0.333333,0.333333
0.333333,0.333333,0.333333
0.332325,0.334019,0.333656
0.333333,0.333333,0.333333
0.333333,0.333333,0.333333
0.333333,0.333333,0.333333
0.333335,0.333957,0.332708
0.333333,0.333333,0.333333
0.333336,0.334355,0.332308
0.333289,0.340361,0.32635
0.333281,0.340151,0.326568
0.333307,0.338183,0.328509
0.333235,0.342431,0.324334
0.333308,0.337867,0.328825
0.333401,0.332155,0.334444
0.333188,0.345091,0.321721
0.333296,0.340609,0.326095
0.333308,0.33947,0.327222
0.333326,0.337366,0.329308
0.333333,0.333333,0.333333
0.333333,0.333333,0.333333
0.333128,0.333473,0.333399
0.331135,0.337006,0.33186
0.331258,0.335784,0.332958
0.331349,0.336647,0.332004
0.333335,0.333214,0.333451
0.333007,0.333915,0.333077
0.333352,0.331023,0.335625
0.333333,0.333333,0.333333
0.333333,0.333333,0.333333
0.333353,0.330856,0.335791
0.333359,0.329086,0.337555
0.33336,0.328597,0.338044
0.333358,0.331043,0.335599
0.333358,0.326735,0.339906
0.333357,0.329986,0.336658
0.333248,0.329971,0.336781
0.333344,0.33216,0.334496
0.333309,0.332733,0.333959
0.333297,0.332348,0.334354
0.333116,0.328049,0.338835
0.333138,0.328507,0.338356
0.333042,0.326507,0.340451
0.333049,0.326646,0.340305
0.333283,0.331967,0.33475
0.333333,0.333333,0.333333
0.333333,0.333333,0.333333
0.333087,0.333735,0.333178
0.333239,0.333497,0.333264
0.332636,0.334522,0.332843
0.33081,0.337548,0.331641
0.331235,0.33688,0.331885
0.330694,0.337756,0.331549
0.331469,0.336484,0.332047
0.330831,0.337445,0.331724
0.330697,0.337034,0.332269
0.331995,0.334243,0.333762
0.333333,0.333333,0.333333
0.333333,0.333333,0.333333
0.333336,0.334541,0.332123
0.333336,0.334127,0.332537
0.333336,0.334204,0.332461
0.333337,0.335125,0.331539
0.333336,0.336202,0.330462
0.33331,0.338166,0.328524
0.333179,0.329439,0.337382
0.333348,0.333312,0.333339
0.333131,0.328386,0.338484
0.333008,0.325833,0.34116
0.33314,0.328554,0.338307
0.33312,0.328134,0.338745
0.332923,0.324231,0.342846
0.33305,0.326676,0.340273
0.333323,0.337609,0.329068
0.333247,0.342675,0.324078
0.333224,0.34397,0.322807
0.333337,0.335437,0.331226
0.333333,0.333333,0.333333
0.333333,0.333333,0.333333
0.333333,0.333333,0.333333
0.333333,0.333333,0.333333
0.333333,0.333333,0.333333
0.332887,0.333637,0.333476
0.33123,0.336787,0.331983
0.331663,0.336151,0.332185
0.332272,0.335139,0.332589
0.332283,0.335116,0.332601
0.333341,0.332714,0.333945
0.333289,0.3317,0.335011
0.333035,0.333811,0.333154
0.333119,0.328103,0.338778
0.333059,0.326861,0.34008
0.332924,0.324256,0.34282
0.332741,0.321109,0.34615
0.332838,0.322727,0.344435
0.33291,0.323992,0.343098
0.332957,0.324862,0.342181
0.33311,0.327915,0.338974
0.333333,0.333333,0.333333
0.333333,0.333333,0.333333
0.333229,0.333442,0.333329
0.333363,0.330379,0.336258
0.332553,0.334689,0.332759
0.331798,0.335919,0.332283
0.332558,0.334653,0.332789
0.332888,0.334093,0.333019
0.332215,0.335192,0.332593
0.331856,0.335811,0.332333
0.331944,0.335668,0.332388
0.332681,0.334447,0.332871
0.333312,0.332741,0.333947
0.332601,0.334561,0.332838
0.332845,0.334053,0.333102
0.333104,0.33373,0.333165
0.332071,0.335447,0.332482
0.330751,0.337193,0.332056
0.331619,0.335746,0.332635
0.33232,0.334356,0.333323
0.332404,0.334596,0.333
0.332211,0.334343,0.333446
0.331455,0.336366,0.332179
0.333323,0.332762,0.333915
0.332755,0.334347,0.332898
0.333119,0.333706,0.333175
0.332731,0.334346,0.332922
0.333359,0.329429,0.337213
0.333164,0.329103,0.337732
0.333385,0.32994,0.336676
0.333185,0.344753,0.322061
0.333187,0.344758,0.322055
0.333258,0.341532,0.32521
0.333265,0.341201,0.325534
0.33308,0.348811,0.318108
0.333265,0.342151,0.324584
0.333106,0.347358,0.319536
0.333219,0.343253,0.323529
0.333288,0.339258,0.327454
0.333339,0.334492,0.332169
0.333235,0.329785,0.336979
0.33315,0.32821,0.33864
0.332926,0.324339,0.342734
0.333031,0.326926,0.340043
0.333166,0.328298,0.338536
0.333101,0.328479,0.33842
0.333119,0.328333,0.338548
0.333347,0.33179,0.334863
0.333249,0.331099,0.335652
0.333159,0.328972,0.337869
0.333139,0.328539,0.338322
0.333386,0.332906,0.333708
0.332811,0.322277,0.344911
0.332819,0.322399,0.344782
0.332679,0.320184,0.347136
0.333043,0.325039,0.341919
0.333039,0.326446,0.340515
0.33285,0.322936,0.344214
0.332785,0.321826,0.345389
0.333391,0.332845,0.333764
0.332894,0.323666,0.34344
0.333343,0.336716,0.329941
0.333127,0.346736,0.320137
0.333234,0.342841,0.323925
0.333276,0.340415,0.326308
0.333418,0.328817,0.337765
0.333454,0.332992,0.333555
0.333423,0.333164,0.333414
0.333435,0.330669,0.335896
0.333436,0.330619,0.335945
0.333328,0.336276,0.330396
0.333185,0.329564,0.337252
0.333249,0.331109,0.335642
0.333344,0.332107,0.334548
0.333349,0.331559,0.335092
0.333355,0.330406,0.336239
0.333352,0.331451,0.335197
0.333344,0.33249,0.334166
0.333357,0.330765,0.335878
0.333361,0.33033,0.336309
0.333373,0.327562,0.339064
0.333353,0.327229,0.339418
0.33336,0.327521,0.339119
0.333301,0.337085,0.329614
0.333292,0.337154,0.329554
0.333241,0.341273,0.325486
0.333197,0.343582,0.323221
0.333298,0.338501,0.328201
0.333396,0.331857,0.334747
0.333165,0.327802,0.339034
0.3334,0.332619,0.333981
0.333286,0.332045,0.334669
0.333367,0.333931,0.332702
0.333412,0.33224,0.334348
0.333427,0.331997,0.334576
0.333389,0.329877,0.336734
0.333297,0.339026,0.327676
0.333291,0.339723,0.326987
0.333273,0.34049,0.326237
0.333284,0.340304,0.326412
0.333263,0.34147,0.325267
0.333105,0.347706,0.31919
0.333241,0.34305,0.323709
0.33313,0.347311,0.31956
0.333237,0.343031,0.323732
0.333297,0.339043,0.327659
0.333354,0.333139,0.333507
0.333335,0.333811,0.332854
0.333333,0.333333,0.333333
0.333333,0.333333,0.333333
0.333259,0.331325,0.335416
0.333324,0.333334,0.333342
0.333091,0.32752,0.339389
0.333255,0.331265,0.335479
0.333367,0.332981,0.333652
0.333335,0.33597,0.330695
0.333322,0.335335,0.331343
0.333339,0.330733,0.335928
0.333255,0.335134,0.331611
0.333327,0.336922,0.329751
0.333333,0.333333,0.333333
0.333174,0.328674,0.338152
0.333365,0.327283,0.339352
0.332222,0.33439,0.333388
0.331263,0.336975,0.331762
0.332562,0.33457,0.332868
0.33084,0.3377,0.33146
0.330995,0.337421,0.331584
0.331143,0.33716,0.331696
0.331255,0.336968,0.331777
0.333333,0.333333,0.333333
0.333065,0.333715,0.333221
0.332006,0.335642,0.332352
0.33326,0.333383,0.333357
0.333224,0.344055,0.322721
0.33296,0.353067,0.313973
0.332878,0.354727,0.312395
0.333241,0.34325,0.323508
0.333275,0.339329,0.327396
0.333289,0.339184,0.327527
0.333303,0.338945,0.327752
0.333301,0.34062,0.326079
0.333324,0.337225,0.329451
0.333369,0.33099,0.33564
0.3332,0.329918,0.336882
0.33315,0.328774,0.338077
0.333093,0.328151,0.338755
0.333013,0.325933,0.341054
0.333227,0.330575,0.336198
0.333266,0.331539,0.335194
0.333333,0.333333,0.333333
0.333214,0.330258,0.336528
0.333262,0.330563,0.336174
0.333229,0.331086,0.335686
0.333241,0.330956,0.335803
0.333158,0.328969,0.337873
0.333274,0.331726,0.335001
0.33321,0.330355,0.336435
0.333356,0.330139,0.336505
0.332858,0.334142,0.333
0.333333,0.333333,0.333333
0.332037,0.335546,0.332417
0.331162,0.336865,0.331973
0.332139,0.335396,0.332465
0.33171,0.336133,0.332157
0.331541,0.336435,0.332024
0.330674,0.337902,0.331424
0.330005,0.338992,0.331004
0.329973,0.339048,0.330979
0.330184,0.33871,0.331107
0.330695,0.337819,0.331487
0.330318,0.338465,0.331217
0.33147,0.336538,0.331993
0.331345,0.336748,0.331907
0.331586,0.33632,0.332093
0.330533,0.338067,0.3314
0.331111,0.337077,0.331812
0.33175,0.336011,0.33224
0.332072,0.335475,0.332453
0.333349,0.332036,0.334616
0.332345,0.335027,0.332628
0.33296,0.333946,0.333095
0.332537,0.33464,0.332823
0.331374,0.336589,0.332038
0.331945,0.335635,0.33242
0.332968,0.333926,0.333106
0.33301,0.325867,0.341124
0.332825,0.322515,0.34466
0.33323,0.326907,0.339863
0.33336,0.328107,0.338533
0.33336,0.327708,0.338932
0.333356,0.326079,0.340565
0.333368,0.328109,0.338523
0.333364,0.330244,0.336392
0.333366,0.3296,0.337035
0.333354,0.323577,0.343069
0.332237,0.335269,0.332493
0.332293,0.335177,0.33253
0.332998,0.333561,0.333441
0.333335,0.333932,0.332732
0.333333,0.333333,0.333333
0.333227,0.330577,0.336196
0.333074,0.327246,0.33968
0.333112,0.328019,0.338868
0.333138,0.328738,0.338125
0.333235,0.32943,0.337334
0.333268,0.328477,0.338256
0.333356,0.326167,0.340477
0.333339,0.328396,0.338265
0.333357,0.32627,0.340373
0.333359,0.327117,0.339524
0.333271,0.333376,0.333353
0.331714,0.335972,0.332314
0.332552,0.334168,0.333279
0.333333,0.333333,0.333333
0.333366,0.328192,0.338442
0.333261,0.331123,0.335616
0.333097,0.342892,0.324011
0.333159,0.334399,0.332443
0.33312,0.335583,0.331296
0.333306,0.327424,0.33927
0.333258,0.327573,0.339169
0.333089,0.327095,0.339816
0.332977,0.327027,0.339997
0.332944,0.324765,0.34229
0.333246,0.333359,0.333396
0.333334,0.333633,0.333032
0.33268,0.334309,0.33301
0.333318,0.338721,0.327961
0.333163,0.346704,0.320134
0.333115,0.348545,0.318339
0.3332,0.345747,0.321053
0.333249,0.343395,0.323356
0.33322,0.345672,0.321108
0.333162,0.347481,0.319357
0.332994,0.352518,0.314489
0.332813,0.356257,0.31093
0.332953,0.353181,0.313865
0.333162,0.346832,0.320006
0.333336,0.3345,0.332163
0.333333,0.333333,0.333333
0.333333,0.333333,0.333333
0.333332,0.337386,0.329282
0.333333,0.336971,0.329696
0.331471,0.336346,0.332182
0.332382,0.334988,0.33263
0.330607,0.337748,0.331645
0.330152,0.338513,0.331336
0.330253,0.338335,0.331412
0.333333,0.333333,0.333333
0.333333,0.333333,0.333333
0.333333,0.333333,0.333333
0.333333,0.333333,0.333333
0.333333,0.333333,0.333333
0.333336,0.334574,0.332089
0.333333,0.333333,0.333333
0.331689,0.335885,0.332426
0.3324,0.334939,0.332661
0.332145,0.335383,0.332472
0.333277,0.319077,0.347646
0.33313,0.313082,0.353788
0.333171,0.314788,0.352041
0.332665,0.315833,0.351502
0.332936,0.31648,0.350584
0.332768,0.318311,0.34892
0.333227,0.319468,0.347305
0.333277,0.319074,0.347649
0.332822,0.322439,0.34474
0.332641,0.31953,0.347829
0.332724,0.320836,0.34644
0.3327,0.32046,0.346839
0.332502,0.317465,0.350033
0.332922,0.324213,0.342866
0.333052,0.326708,0.34024
0.332935,0.324465,0.3426
0.332333,0.315126,0.352541
0.332438,0.316555,0.351007
0.332582,0.318642,0.348776
0.332731,0.320949,0.34632
0.332773,0.321643,0.345584
0.332895,0.323733,0.343371
0.333356,0.330285,0.33636
0.333162,0.329494,0.337344
0.333112,0.328701,0.338187
0.333359,0.329402,0.337239
0.333359,0.326885,0.339757
0.33336,0.328849,0.337792
0.33336,0.327565,0.339075
0.333298,0.33246,0.334243
0.333218,0.330674,0.336108
0.332974,0.325189,0.341837
0.332694,0.320356,0.34695
0.333047,0.3266,0.340354
0.333098,0.327665,0.339236
0.333064,0.32696,0.339975
0.332889,0.323622,0.34349
0.333056,0.326798,0.340145
0.333075,0.327231,0.339694
0.333349,0.328243,0.338407
0.332616,0.3344,0.332984
0.3322,0.334799,0.333002
0.332453,0.334794,0.332753
0.333345,0.329872,0.336783
0.333363,0.329039,0.337598
0.33337,0.326348,0.340281
0.333174,0.332958,0.333868
0.333137,0.339681,0.327183
0.333173,0.346284,0.320543
0.333241,0.343314,0.323446
0.333301,0.340054,0.326645
0.333312,0.340136,0.326552
0.333337,0.335324,0.331339
0.333334,0.333392,0.333275
0.333333,0.333333,0.333333
0.333333,0.333333,0.333333
0.333333,0.333333,0.333333
0.333226,0.333406,0.333368
0.330051,0.338959,0.33099
0.330028,0.338987,0.330985
0.330467,0.338281,0.331252
0.332169,0.335386,0.332445
0.333341,0.32223,0.344429
0.333326,0.320634,0.34604
0.333303,0.318749,0.347948
0.333269,0.316705,0.350026
0.333226,0.316224,0.35055
0.333213,0.316095,0.350691
0.333354,0.330535,0.336111
0.33336,0.328407,0.338233
0.33336,0.328704,0.337936
0.33336,0.327541,0.339099
0.333355,0.330336,0.336309
0.333342,0.332523,0.334135
0.333163,0.329076,0.337762
0.333058,0.326827,0.340115
0.333324,0.329854,0.336822
0.33272,0.334203,0.333077
0.33305,0.333554,0.333396
0.333333,0.333333,0.333333
0.333246,0.333393,0.333361
0.333218,0.333533,0.333249
0.333333,0.333333,0.333333
0.33334,0.332003,0.334656
0.332143,0.335009,0.332848
0.329239,0.339664,0.331096
