NVDA,TSLA,AAPL,AMD,GOOGL
0,0,0,0,0
0,0,0,0,0
0,0,0,0,0
0,0,0,0,0
0.0926916,0.368474,0.315033,0.139115,0.0846864
0.110172,0.344328,0.304047,0.15013,0.0913233
0.108934,0.334171,0.27022,0.173815,0.112859
0.136716,0.273992,0.246656,0.203812,0.138823
0.121403,0.361605,0.172841,0.217963,0.126187
0.0940461,0.321035,0.149905,0.264323,0.170691
0.133001,0.292111,0.174124,0.231429,0.169334
0.12902,0.224502,0.170103,0.259309,0.217065
0.0912436,0.247673,0.147505,0.297466,0.216111
0.160058,0.222392,0.183286,0.221929,0.212335
0.191541,0.208519,0.192729,0.199893,0.207317
0.186297,0.216408,0.195249,0.201445,0.200601
0.167289,0.273252,0.192725,0.207203,0.159531
0.171797,0.240751,0.203675,0.217566,0.16621
0.198699,0.216638,0.194478,0.203867,0.186319
0.203803,0.21255,0.193344,0.202436,0.187867
0.216863,0.203799,0.18501,0.204262,0.190066
0.184458,0.226581,0.220334,0.184967,0.18366
0.206116,0.212459,0.196974,0.199,0.185452
0.206967,0.190469,0.156442,0.218584,0.227537
0.208585,0.194351,0.193914,0.211155,0.191995
0.149489,0.270425,0.225049,0.191942,0.163094
0.167073,0.237079,0.222301,0.195375,0.178172
0.152383,0.260104,0.237825,0.191826,0.157863
0.112328,0.320591,0.252996,0.175905,0.13818
0.112654,0.288955,0.249668,0.184771,0.163952
0.123401,0.27665,0.244205,0.184145,0.171599
0.138995,0.254025,0.221619,0.194816,0.190545
0.16365,0.227527,0.214549,0.193074,0.2012
0.186572,0.205858,0.200488,0.205247,0.201836
0.157422,0.237337,0.184118,0.218769,0.202354
0.116564,0.249868,0.172749,0.267973,0.192846
0.147887,0.216801,0.18819,0.248425,0.198696
0.11739,0.224479,0.185631,0.276962,0.195537
0.155126,0.219138,0.198537,0.222404,0.204795
0.115931,0.216126,0.191259,0.281346,0.195339
0.151236,0.209385,0.196328,0.23375,0.209302
0.166205,0.212164,0.198834,0.224322,0.198476
0.1761,0.217973,0.216321,0.189181,0.200425
0.1795,0.2169,0.200957,0.197666,0.204978
0.179921,0.226569,0.197778,0.20391,0.191822
0.188191,0.230705,0.194771,0.203848,0.182484
0.175791,0.251966,0.196577,0.202057,0.17361
0.161173,0.261342,0.194313,0.208794,0.174378
0.117487,0.331824,0.180027,0.21421,0.156451
0.138718,0.279499,0.20914,0.204442,0.1682
0.156596,0.2494,0.230426,0.195638,0.167939
0.155088,0.249348,0.213274,0.207781,0.17451
0.165137,0.267269,0.191243,0.211928,0.164422
0.173492,0.257134,0.187566,0.209624,0.172184
0.170051,0.239966,0.198552,0.208525,0.182905
0.16699,0.246685,0.202236,0.209882,0.174208
0.16104,0.263714,0.2108,0.199688,0.164759
0.134615,0.283216,0.232037,0.196158,0.153973
0.136421,0.274719,0.23843,0.207216,0.143214
0.131061,0.267436,0.227222,0.220697,0.153583
0.11877,0.338242,0.183166,0.238931,0.12089
0.136284,0.284259,0.199075,0.235617,0.144766
0.167011,0.266406,0.181954,0.225469,0.15916
0.155067,0.296255,0.170119,0.223068,0.155491
0.188638,0.228297,0.189082,0.215482,0.178501
0.218555,0.190582,0.179992,0.202931,0.20794
0.202103,0.198445,0.176271,0.210518,0.212663
0.202639,0.207193,0.204949,0.195388,0.189831
0.164005,0.24507,0.232717,0.179568,0.17864
0.200674,0.21583,0.203443,0.196954,0.183099
0.191609,0.216552,0.204653,0.200885,0.186301
0.195129,0.218172,0.198755,0.21164,0.176304
0.197979,0.216671,0.203032,0.207741,0.174577
0.170601,0.240406,0.200992,0.210705,0.177296
0.169277,0.242026,0.202096,0.206734,0.179867
0.133562,0.316642,0.207995,0.200144,0.141657
0.109638,0.352923,0.2146,0.195134,0.127705
0.132296,0.312261,0.218469,0.195542,0.141431
0.145124,0.301594,0.214234,0.196922,0.142125
0.153967,0.280838,0.207924,0.207474,0.149797
0.160246,0.249806,0.211713,0.20267,0.175564
0.180283,0.232102,0.197703,0.203889,0.186023
0.163155,0.260434,0.191563,0.205828,0.17902
0.170391,0.247995,0.194896,0.217624,0.169094
0.163422,0.262185,0.18796,0.224309,0.162123
0.181075,0.237108,0.192115,0.202433,0.187269
0.187205,0.212516,0.201135,0.199081,0.200062
0.183928,0.21827,0.203835,0.20387,0.190096
0.178555,0.236937,0.193421,0.203337,0.187751
0.128913,0.303564,0.166027,0.221754,0.179741
0.146453,0.302286,0.171676,0.219002,0.160583
0.13261,0.325927,0.162777,0.220921,0.157766
0.139624,0.283612,0.176861,0.217674,0.182229
0.0678064,0.309653,0.120969,0.312403,0.189169
0.111952,0.230556,0.188436,0.272119,0.196937
0.0667837,0.249113,0.16294,0.338566,0.182597
0.0660454,0.227057,0.169033,0.352182,0.185683
0.0791452,0.211123,0.178961,0.33762,0.193151
0.171671,0.211406,0.196927,0.217375,0.20262
0.126112,0.222528,0.19424,0.258096,0.199025
0.155073,0.217278,0.198712,0.226878,0.202059
0.121892,0.259476,0.184254,0.244415,0.189963
0.0948789,0.286931,0.167076,0.2683,0.182813
0.10354,0.331461,0.156416,0.236804,0.171779
0.122459,0.270478,0.161433,0.243253,0.202378
0.143171,0.239051,0.186261,0.229344,0.202173
0.166617,0.206274,0.200307,0.232815,0.193986
0.181222,0.21757,0.188901,0.210359,0.201948
0.181973,0.232706,0.232212,0.185342,0.167767
0.173023,0.239312,0.237442,0.197225,0.152998
0.183412,0.235763,0.242785,0.194169,0.143871
0.146634,0.259224,0.229994,0.222238,0.141911
0.153703,0.248174,0.219862,0.216937,0.161324
0.172152,0.23661,0.21023,0.206018,0.17499
0.181537,0.229234,0.20579,0.201267,0.182172
0.190883,0.222123,0.200597,0.20022,0.186177
0.162628,0.260799,0.241807,0.178317,0.156448
0.162687,0.251226,0.237098,0.176904,0.172085
0.188385,0.228386,0.215331,0.188672,0.179226
0.201316,0.203251,0.201653,0.195213,0.198567
0.195885,0.2052,0.198682,0.197088,0.203146
0.139678,0.257531,0.180628,0.226813,0.195349
0.132488,0.28172,0.179815,0.222463,0.183514
0.170202,0.228442,0.217888,0.200989,0.182478
0.124468,0.312279,0.278378,0.167553,0.117322
0.12897,0.300038,0.269247,0.170948,0.130797
0.148146,0.27754,0.259312,0.171118,0.143883
0.143724,0.291362,0.273864,0.16447,0.12658
0.17573,0.24403,0.246383,0.186033,0.147824
0.169231,0.249768,0.189339,0.20845,0.183211
0.174186,0.238917,0.193282,0.216308,0.177308
0.136689,0.263714,0.209555,0.234566,0.155476
0.0690032,0.435832,0.155633,0.215761,0.12377
0.0681932,0.440351,0.158298,0.216944,0.116213
0.0640149,0.452796,0.142151,0.217217,0.12382
0.0606638,0.449601,0.176614,0.199024,0.114096
0.0421677,0.514309,0.158561,0.189411,0.0955508
0.101924,0.318099,0.224398,0.211051,0.144528
0.106997,0.311495,0.239759,0.201386,0.140363
0.105644,0.334874,0.235598,0.191838,0.132045
0.127014,0.290305,0.255603,0.188784,0.138295
0.12455,0.306748,0.266383,0.161796,0.140524
0.134716,0.265461,0.239395,0.190349,0.17008
0.161012,0.243585,0.228837,0.191308,0.175258
0.161805,0.245611,0.223506,0.180146,0.188931
0.1318,0.251775,0.19105,0.234636,0.190739
0.102543,0.279078,0.170736,0.263117,0.184527
0.148756,0.245943,0.18463,0.222715,0.197956
0.200163,0.206422,0.19903,0.2002,0.194185
0.201511,0.214668,0.202019,0.204292,0.17751
0.186108,0.221616,0.202726,0.209748,0.179802
0.200378,0.218371,0.212648,0.197487,0.171117
0.159874,0.241598,0.206007,0.224962,0.167559
0.179654,0.226744,0.208719,0.211357,0.173526
0.197928,0.210076,0.203428,0.198072,0.190496
0.189681,0.225445,0.209206,0.198131,0.177538
0.196487,0.219623,0.207141,0.198743,0.178006
0.199745,0.215193,0.206027,0.19983,0.179205
0.21101,0.197412,0.192622,0.204073,0.194884
0.195258,0.231256,0.207872,0.196917,0.168697
0.180385,0.242425,0.185891,0.211585,0.179715
0.143159,0.290769,0.182152,0.236445,0.147475
0.158594,0.252512,0.198412,0.225793,0.164689
0.188863,0.221791,0.22418,0.187862,0.177304
0.187572,0.218266,0.218858,0.189451,0.185852
0.176309,0.240727,0.236469,0.18267,0.163826
0.20053,0.202073,0.175298,0.204347,0.217752
0.206143,0.203634,0.175371,0.206789,0.208063
0.194164,0.206347,0.188905,0.204222,0.206362
0.195646,0.207667,0.18616,0.207988,0.202538
0.205888,0.203185,0.192227,0.203957,0.194742
0.204607,0.202787,0.18151,0.209821,0.201274
0.188012,0.208979,0.176506,0.208889,0.217614
0.206167,0.203272,0.183042,0.206558,0.200961
0.193231,0.203001,0.185349,0.203826,0.214593
0.186136,0.206424,0.190924,0.196239,0.220278
0.187957,0.212603,0.197193,0.190334,0.211912
0.177316,0.229672,0.213274,0.188923,0.190815
0.169624,0.232672,0.216923,0.185826,0.194955
0.17431,0.228169,0.21588,0.191992,0.189648
0.182327,0.225988,0.227736,0.182442,0.181507
0.187566,0.216687,0.214143,0.193088,0.188516
0.195388,0.212555,0.210379,0.194598,0.187079
0.188838,0.22433,0.219869,0.187383,0.17958
0.164848,0.241118,0.212675,0.205631,0.175728
0.150363,0.258114,0.211962,0.217663,0.161898
0.153913,0.25388,0.207612,0.209396,0.175199
0.146908,0.266383,0.194022,0.208331,0.184355
0.133545,0.296881,0.175622,0.216324,0.177628
0.157339,0.254146,0.188571,0.209085,0.190859
0.109413,0.243925,0.160606,0.280641,0.205414
0.116554,0.219501,0.176512,0.283415,0.204018
0.189554,0.200214,0.167487,0.219288,0.223457
0.151837,0.203606,0.175521,0.258063,0.210973
0.151337,0.203281,0.179525,0.256939,0.208919
0.19127,0.212324,0.210723,0.19466,0.191024
0.195483,0.206491,0.197971,0.198168,0.201888
0.201817,0.20801,0.21426,0.19131,0.184602
0.184636,0.236506,0.236249,0.181509,0.1611
0.161677,0.253064,0.237629,0.179722,0.167909
0.159584,0.255854,0.243869,0.177302,0.16339
0.183303,0.22838,0.21234,0.186601,0.189375
0.187858,0.211171,0.19801,0.210361,0.1926
0.186256,0.21151,0.177388,0.226188,0.198659
0.183833,0.223331,0.169566,0.220583,0.202688
0.180029,0.220019,0.176674,0.214989,0.208289
0.173732,0.232812,0.188145,0.211485,0.193826
0.151653,0.290049,0.17419,0.2201,0.164008
0.150327,0.300197,0.173968,0.217185,0.158322
0.159969,0.273152,0.184122,0.208572,0.174186
0.156516,0.27465,0.196837,0.209169,0.162828
0.173903,0.249169,0.199268,0.204443,0.173217
0.197569,0.210218,0.209355,0.189581,0.193276
0.187541,0.218846,0.215304,0.186233,0.192076
0.176089,0.229814,0.223089,0.184989,0.186018
0.19036,0.213959,0.211829,0.187235,0.196617
0.187186,0.207909,0.206499,0.199674,0.198732
0.156153,0.259094,0.191306,0.206964,0.186483
0.16277,0.246124,0.203968,0.200001,0.187137
0.133806,0.286035,0.183734,0.214609,0.181817
0.202919,0.200828,0.181737,0.205186,0.20933
0.192364,0.209161,0.196896,0.19289,0.208688
0.176397,0.229982,0.219252,0.18657,0.187799
0.201539,0.203964,0.198543,0.193165,0.202788
0.218685,0.188393,0.165179,0.212976,0.214766
0.188075,0.206961,0.201478,0.200882,0.202604
0.176546,0.223731,0.211615,0.193051,0.195056
0.166199,0.210751,0.200886,0.220988,0.201177
0.128635,0.223035,0.197085,0.250187,0.201058
0.13944,0.232273,0.193683,0.238114,0.19649
0.128566,0.265299,0.185987,0.233411,0.186736
0.107282,0.333537,0.159462,0.223551,0.176168
0.136142,0.280746,0.188431,0.210109,0.184572
0.165847,0.23912,0.222047,0.192853,0.180133
0.170785,0.229,0.204956,0.199617,0.195642
0.173857,0.229189,0.218634,0.183235,0.195086
0.16282,0.236905,0.215982,0.19069,0.193603
0.169589,0.231198,0.215578,0.190386,0.193249
0.182321,0.221353,0.21027,0.18962,0.196436
0.173041,0.23055,0.218468,0.193591,0.18435
0.194057,0.205377,0.194811,0.198427,0.207329
0.193969,0.208088,0.195918,0.198042,0.203984
0.19003,0.206847,0.19749,0.198838,0.206794
0.178715,0.224014,0.215408,0.185546,0.196317
0.171671,0.226694,0.216536,0.184493,0.200607
0.156957,0.244037,0.226225,0.186458,0.186323
0.180084,0.223055,0.21442,0.18629,0.196151
0.18492,0.205912,0.208371,0.192141,0.208657
0.171352,0.208257,0.203245,0.220286,0.19686
0.17563,0.20901,0.206278,0.210507,0.198575
0.172982,0.241045,0.197218,0.200695,0.188061
0.179967,0.225094,0.205093,0.198668,0.191178
0.166772,0.251761,0.197565,0.202153,0.181749
0.19016,0.225592,0.195952,0.207188,0.181108
0.154027,0.29363,0.195691,0.205657,0.150995
0.148289,0.303961,0.193805,0.206245,0.1477
0.163527,0.273179,0.199541,0.204108,0.159645
0.169409,0.275272,0.191076,0.214894,0.149349
0.174259,0.240895,0.206654,0.204719,0.173473
0.176822,0.239151,0.217525,0.193041,0.173461
0.167403,0.233521,0.221448,0.183487,0.194141
0.177332,0.224395,0.214299,0.190958,0.193016
0.162434,0.239318,0.221683,0.177834,0.198731
0.158022,0.265974,0.223514,0.20052,0.15197
0.143027,0.291857,0.224251,0.195554,0.145312
0.163948,0.275289,0.193251,0.215532,0.15198
0.179074,0.255929,0.192929,0.215608,0.156461
0.124842,0.352733,0.194871,0.200877,0.126677
0.153427,0.303008,0.162944,0.238435,0.142186
0.154903,0.296571,0.166701,0.240371,0.141454
0.181216,0.245887,0.182639,0.229521,0.160737
0.198162,0.230517,0.194028,0.21123,0.166063
0.213592,0.220424,0.185001,0.207073,0.173909
0.18224,0.219892,0.213694,0.184124,0.200049
0.177556,0.216137,0.208269,0.193879,0.204158
0.172122,0.218607,0.215522,0.193251,0.200497
0.157164,0.257132,0.219967,0.18872,0.177017
0.129838,0.265258,0.244556,0.187329,0.173018
0.130261,0.268659,0.239993,0.186373,0.174714
0.131391,0.268965,0.225679,0.196041,0.177924
0.149532,0.249445,0.224876,0.186315,0.189832
0.143497,0.255168,0.220317,0.18829,0.192728
0.170806,0.212485,0.205607,0.208713,0.202388
0.139489,0.209768,0.201972,0.247462,0.201309
0.115119,0.34403,0.161604,0.224041,0.155205
0.188743,0.212979,0.188136,0.206323,0.203819
0.159078,0.251372,0.179099,0.217595,0.192857
0.176318,0.21916,0.19496,0.184661,0.2249
0.164355,0.226136,0.206682,0.200204,0.202622
0.140038,0.248064,0.223444,0.195742,0.192713
0.185565,0.236908,0.242006,0.185463,0.150058
0.19459,0.221083,0.227951,0.19231,0.164067
0.167093,0.239831,0.210193,0.215599,0.167284
0.127882,0.349625,0.170353,0.222132,0.130008
0.111713,0.401113,0.146187,0.227016,0.113971
0.160418,0.278128,0.187855,0.209284,0.164315
0.180598,0.246303,0.188574,0.212979,0.171545
0.161817,0.267278,0.189316,0.210108,0.17148
0.181445,0.224296,0.221052,0.19079,0.182417
0.152033,0.246713,0.236385,0.187507,0.177361
0.183679,0.223522,0.226133,0.186722,0.179945
0.17614,0.224924,0.226629,0.195743,0.176564
0.177504,0.231798,0.226807,0.185508,0.178383
0.15187,0.255822,0.204694,0.220536,0.167078
0.150176,0.297046,0.17527,0.221263,0.156246
0.166733,0.248912,0.193523,0.214239,0.176593
0.151849,0.285944,0.180152,0.216747,0.165308
0.118874,0.35864,0.154847,0.224879,0.142759
0.118074,0.331591,0.169727,0.216535,0.164073
0.137062,0.29963,0.188747,0.206901,0.16766
0.158624,0.243455,0.191027,0.216392,0.190503
0.155776,0.214224,0.188155,0.209194,0.232652
0.160933,0.2099,0.199062,0.200396,0.229709
0.186937,0.208967,0.202468,0.191103,0.210525
0.198469,0.199154,0.187974,0.20337,0.211033
0.182727,0.222505,0.214465,0.188653,0.19165
0.138139,0.264855,0.217219,0.190464,0.189323
0.136016,0.25316,0.213717,0.196096,0.201011
0.118347,0.253333,0.204183,0.175742,0.248394
0.107423,0.268255,0.214717,0.181804,0.2278
0.127684,0.245999,0.16917,0.213043,0.244104
0.0898471,0.231667,0.184444,0.305176,0.188866
0.0782129,0.307413,0.17524,0.280179,0.158955
0.055978,0.505924,0.11732,0.207102,0.113677
0.080519,0.422053,0.147137,0.209859,0.140431
0.109712,0.360884,0.178262,0.207201,0.143941
0.109113,0.347605,0.200895,0.205016,0.137372
0.0962186,0.39487,0.184357,0.20962,0.114935
0.138241,0.287131,0.225702,0.198047,0.150879
0.126255,0.322705,0.213488,0.193108,0.144444
0.149883,0.27336,0.221362,0.194465,0.16093
0.174299,0.224367,0.207139,0.201815,0.192381
0.201597,0.198383,0.175261,0.212712,0.212048
0.195787,0.220678,0.192522,0.212452,0.178561
0.207042,0.200013,0.175157,0.203542,0.214245
0.211536,0.204754,0.190273,0.203592,0.189845
0.161702,0.28355,0.169785,0.232933,0.15203
0.15196,0.299294,0.161678,0.241185,0.145883
0.212435,0.212212,0.181785,0.213373,0.180194
0.214024,0.200143,0.190086,0.202624,0.193123
0.21765,0.200001,0.184675,0.201196,0.196478
0.178989,0.224242,0.179749,0.206982,0.210038
0.167952,0.206006,0.190964,0.226914,0.208164
0.16696,0.217783,0.197517,0.218416,0.199324
0.141754,0.319769,0.173776,0.219405,0.145297
0.137561,0.259167,0.195646,0.224385,0.18324
0.183165,0.222249,0.217981,0.195014,0.181591
0.194089,0.223272,0.197848,0.204583,0.180208
0.188756,0.213042,0.187216,0.208137,0.202848
0.180199,0.207243,0.188858,0.214864,0.208837
0.15736,0.257865,0.185507,0.214641,0.184628
0.164792,0.203247,0.192253,0.231888,0.207819
0.177098,0.224408,0.214735,0.18587,0.19789
0.174658,0.221161,0.224505,0.185734,0.193942
0.165301,0.228124,0.228709,0.185883,0.191983
0.143886,0.248718,0.244721,0.188929,0.173747
0.165247,0.228495,0.232774,0.185453,0.188031
0.161189,0.243344,0.21247,0.197366,0.185631
0.181849,0.224581,0.21345,0.190962,0.189158
0.17882,0.247104,0.193074,0.210379,0.170622
0.147603,0.321,0.172028,0.230592,0.128778
0.128984,0.364685,0.15936,0.234785,0.112185
0.164163,0.284376,0.181577,0.220683,0.1492
0.158725,0.288527,0.185724,0.214998,0.152026
0.200013,0.210356,0.199126,0.205562,0.184944
0.173048,0.236454,0.226297,0.182571,0.18163
0.167329,0.247016,0.231779,0.178762,0.175114
0.137407,0.271765,0.24162,0.173667,0.17554
0.121318,0.29325,0.25741,0.165635,0.162387
0.123252,0.290131,0.249101,0.171023,0.166493
0.161255,0.239786,0.225654,0.186435,0.18687
0.156994,0.246656,0.230109,0.184285,0.181956
0.158089,0.245561,0.227859,0.182599,0.185891
0.176451,0.236217,0.224831,0.188493,0.174008
0.176885,0.22699,0.214291,0.1996,0.182232
0.165664,0.236083,0.205253,0.221048,0.171952
0.164552,0.237829,0.201798,0.212926,0.182895
0.160117,0.274015,0.183184,0.225459,0.157224
0.199503,0.207609,0.201679,0.196374,0.194834
0.180398,0.24433,0.192622,0.206664,0.175986
0.204562,0.202455,0.200811,0.201041,0.191131
0.185132,0.230214,0.203664,0.200402,0.180587
0.172315,0.231081,0.219109,0.199363,0.178132
0.158314,0.239839,0.219927,0.213013,0.168908
0.17656,0.234849,0.221076,0.203222,0.164294
0.201018,0.211337,0.201998,0.205485,0.180162
0.206363,0.207837,0.189213,0.205765,0.190822
0.197994,0.213151,0.188812,0.204135,0.195908
0.201622,0.204156,0.188982,0.20355,0.201691
0.192979,0.241881,0.239687,0.183883,0.141571
0.207141,0.2057,0.196567,0.198809,0.191784
0.202771,0.209859,0.200271,0.201564,0.185535
0.185702,0.226692,0.212147,0.20449,0.170969
0.212636,0.212806,0.203092,0.19901,0.172456
0.1323,0.290996,0.155181,0.230489,0.191034
0.16169,0.253133,0.162823,0.227717,0.194637
0.172433,0.228033,0.166469,0.230641,0.202423
0.171946,0.2307,0.164212,0.224873,0.20827
0.143321,0.283053,0.173434,0.221997,0.178196
0.152906,0.265821,0.179389,0.214132,0.187751
0.169099,0.249775,0.190923,0.205157,0.185045
0.179592,0.237084,0.195093,0.202834,0.185398
0.15569,0.266441,0.194826,0.205424,0.177619
0.151538,0.27917,0.186588,0.20963,0.173074
0.140793,0.298878,0.189411,0.207181,0.163736
0.145711,0.306593,0.176939,0.213682,0.157074
0.130583,0.323151,0.175565,0.215271,0.15543
0.140908,0.303746,0.183365,0.216031,0.15595
0.168968,0.230893,0.211541,0.206163,0.182435
0.172861,0.227338,0.194351,0.220453,0.184997
0.152741,0.267009,0.189923,0.210079,0.180249
0.176226,0.23404,0.197503,0.200762,0.191469
0.182865,0.227712,0.191582,0.205345,0.192496
0.161632,0.254464,0.181393,0.209865,0.192646
0.164626,0.234434,0.188382,0.211296,0.201263
0.189258,0.204899,0.202549,0.200187,0.203107
0.187178,0.220732,0.205182,0.195794,0.191114
0.181196,0.224675,0.211077,0.19843,0.184622
0.177764,0.228361,0.213357,0.20043,0.180088
0.199118,0.212175,0.198579,0.204951,0.185177
0.195478,0.215685,0.197429,0.207897,0.183512
0.196982,0.208781,0.19717,0.20688,0.190187
0.190107,0.216179,0.207918,0.199383,0.186414
0.181817,0.22241,0.208184,0.192742,0.194848
0.171351,0.220004,0.212274,0.186771,0.2096
0.193093,0.208646,0.209146,0.193196,0.195918
0.188021,0.215941,0.21501,0.190624,0.190404
0.193746,0.205187,0.194385,0.200487,0.206195
0.186603,0.221897,0.189969,0.207197,0.194334
0.169679,0.26422,0.176275,0.225999,0.163827
0.176592,0.2428,0.184366,0.214568,0.181673
0.182833,0.243778,0.184916,0.214165,0.174308
0.18436,0.233545,0.191216,0.210796,0.180083
0.174243,0.240102,0.194495,0.223549,0.167612
0.188138,0.220728,0.200301,0.213649,0.177184
0.175252,0.235098,0.208897,0.19778,0.182973
0.172339,0.24093,0.217815,0.191212,0.177704
0.170229,0.238934,0.221294,0.189728,0.179816
0.176155,0.231061,0.194551,0.206776,0.191456
0.154406,0.255987,0.191438,0.21142,0.186749
0.141946,0.275829,0.187902,0.209873,0.184449
0.138074,0.265859,0.18213,0.223101,0.190835
0.122296,0.263703,0.181535,0.242372,0.190094
0.182883,0.220429,0.217197,0.19246,0.18703
0.178413,0.223507,0.213058,0.191411,0.193612
0.162614,0.235968,0.23056,0.187032,0.183826
0.159207,0.238894,0.233068,0.191379,0.177453
0.145736,0.261639,0.241353,0.19164,0.159632
0.139468,0.259703,0.238792,0.179378,0.182659
0.14065,0.271973,0.252244,0.169464,0.16567
0.179262,0.230439,0.226307,0.191276,0.172715
0.192122,0.210886,0.207059,0.19687,0.193063
0.189885,0.205851,0.19617,0.205337,0.202757
0.201798,0.204771,0.20077,0.196205,0.196456
0.204459,0.202913,0.197786,0.200145,0.194697
0.180391,0.21559,0.192996,0.204696,0.206327
0.190768,0.208951,0.197314,0.196082,0.206885
0.192467,0.21048,0.206902,0.189326,0.200825
0.189269,0.207912,0.180038,0.211904,0.210876
0.182891,0.215254,0.203431,0.192704,0.20572
0.170461,0.240531,0.208239,0.197377,0.183392
0.166902,0.246613,0.214201,0.197658,0.174626
0.192173,0.217246,0.199999,0.198138,0.192443
0.164775,0.253868,0.189395,0.208132,0.183829
0.207744,0.200811,0.191299,0.197438,0.202708
0.192807,0.213078,0.209735,0.192026,0.192354
0.190639,0.210796,0.208221,0.193777,0.196567
0.190521,0.215109,0.213453,0.190623,0.190294
0.143643,0.267814,0.23865,0.178945,0.170947
0.129381,0.282208,0.242105,0.181118,0.165187
0.17168,0.220495,0.183015,0.204162,0.220649
0.133624,0.283591,0.215718,0.198706,0.16836
0.151862,0.263449,0.238393,0.184107,0.162189
0.159558,0.250671,0.218765,0.193977,0.177029
0.14983,0.261366,0.208986,0.207033,0.172785
0.116582,0.302103,0.25288,0.189685,0.13875
0.127194,0.273495,0.236412,0.191699,0.1712
0.16743,0.238523,0.222515,0.184685,0.186846
0.180525,0.207241,0.192476,0.205331,0.214427
0.158421,0.221082,0.204685,0.22026,0.195553
0.171536,0.240711,0.202329,0.196044,0.18938
0.155282,0.260025,0.182518,0.214077,0.188097
0.145572,0.249042,0.173898,0.226103,0.205384
0.182993,0.219262,0.204608,0.198723,0.194414
0.2021,0.212045,0.208094,0.194879,0.182881
0.166212,0.233716,0.233084,0.182066,0.184922
0.153707,0.244619,0.232465,0.17855,0.190659
0.137669,0.261438,0.240609,0.180111,0.180174
0.179179,0.227797,0.224486,0.183325,0.185213
0.180813,0.222975,0.216545,0.184981,0.194686
0.171883,0.249362,0.19117,0.205588,0.181996
0.162443,0.233681,0.186966,0.214973,0.201937
0.155741,0.245134,0.187334,0.21358,0.198211
0.176561,0.213281,0.215244,0.196447,0.198467
0.191543,0.205065,0.199625,0.206787,0.196979
0.196321,0.213119,0.213963,0.185984,0.190614
0.166369,0.253233,0.186395,0.207002,0.187001
0.124498,0.288786,0.186955,0.221427,0.178333
0.111747,0.341687,0.1635,0.22106,0.162007
0.119544,0.28154,0.177663,0.237145,0.184108
0.101731,0.282638,0.174754,0.260637,0.18024
0.145103,0.22457,0.194838,0.227251,0.208238
0.181389,0.209664,0.209088,0.193554,0.206305
0.153256,0.244258,0.22535,0.188863,0.188273
0.164668,0.246874,0.219979,0.190072,0.178407
0.165318,0.244857,0.232357,0.195792,0.161676
0.169,0.235997,0.221418,0.216231,0.157355
0.146886,0.258182,0.211486,0.226672,0.156774
0.1524,0.255533,0.209635,0.212944,0.169488
0.172474,0.236679,0.199875,0.214086,0.176884
0.185034,0.224793,0.210084,0.199675,0.180415
0.152281,0.241093,0.191535,0.199735,0.215357
0.143729,0.230948,0.186545,0.197299,0.241478
0.153921,0.211843,0.179846,0.208139,0.24625
0.142119,0.22061,0.183745,0.225389,0.228138
0.114329,0.216268,0.180827,0.274805,0.213771
0.175505,0.204101,0.197548,0.21728,0.205566
0.168676,0.239928,0.208135,0.196199,0.187062
0.15446,0.252805,0.221205,0.20069,0.17084
0.113593,0.32304,0.225374,0.187749,0.150243
0.0884461,0.363428,0.248177,0.177729,0.122221
0.0959062,0.348744,0.229451,0.184558,0.141341
0.0977366,0.328711,0.224345,0.196067,0.15314
0.0976636,0.32234,0.235351,0.195603,0.149043
0.142016,0.271957,0.248353,0.189369,0.148306
0.143318,0.27962,0.253267,0.178229,0.145565
0.152995,0.260345,0.237514,0.195652,0.153494
0.154545,0.260661,0.233859,0.200009,0.150927
0.150388,0.254952,0.229808,0.198833,0.166019
0.163672,0.245159,0.230506,0.196496,0.164167
0.142556,0.268851,0.204172,0.201777,0.182644
0.123787,0.271032,0.184038,0.234778,0.186365
0.147165,0.296906,0.172033,0.215272,0.168624
0.130999,0.331353,0.160975,0.219649,0.157024
0.146581,0.281974,0.177172,0.214567,0.179706
0.14658,0.296079,0.176755,0.211545,0.169041
0.165294,0.234461,0.221549,0.203012,0.175684
0.151046,0.26808,0.220513,0.193705,0.166656
0.154217,0.272693,0.211131,0.198272,0.163687
0.154236,0.272122,0.21897,0.193507,0.161165
0.149036,0.254509,0.227982,0.192969,0.175504
0.178062,0.222395,0.212674,0.196608,0.190261
0.15748,0.249773,0.215521,0.197713,0.179513
0.16658,0.235079,0.205675,0.201041,0.191626
0.17087,0.234808,0.220038,0.186418,0.187867
0.159906,0.243372,0.230262,0.181438,0.185022
0.15725,0.249625,0.220685,0.185815,0.186625
0.151544,0.259062,0.232429,0.179369,0.177597
0.148839,0.262149,0.23942,0.176156,0.173436
0.168071,0.239191,0.223642,0.182533,0.186562
0.193033,0.211661,0.208073,0.195373,0.191859
0.176826,0.226001,0.216553,0.184687,0.195932
0.196342,0.209648,0.207281,0.195369,0.191359
0.183525,0.226233,0.193771,0.206627,0.189845
0.166504,0.241431,0.22093,0.185759,0.185376
0.191574,0.215301,0.215796,0.197272,0.180057
0.187686,0.228044,0.194671,0.210427,0.179172
0.193264,0.220082,0.191805,0.204043,0.190806
0.18003,0.243316,0.185243,0.216111,0.1753
0.137812,0.317901,0.159552,0.229156,0.155579
0.123756,0.304985,0.170192,0.229677,0.17139
0.128312,0.301346,0.175307,0.227866,0.167169
0.149585,0.255779,0.202614,0.203094,0.188929
0.156139,0.260489,0.214476,0.189955,0.178941
0.11735,0.314318,0.221015,0.190168,0.157148
0.121789,0.302563,0.244291,0.18382,0.147537
0.131147,0.27894,0.238255,0.189339,0.162318
0.151277,0.268221,0.234949,0.1824,0.163152
0.163701,0.2371,0.203386,0.20866,0.187153
0.16684,0.236369,0.21946,0.196022,0.181309
0.176059,0.212221,0.190147,0.213324,0.208249
0.156221,0.220527,0.19875,0.218547,0.205955
0.15221,0.241286,0.200257,0.211845,0.194402
0.173015,0.234301,0.207892,0.196945,0.187847
0.187295,0.209994,0.196158,0.206037,0.200516
0.18073,0.226453,0.224542,0.185901,0.182374
0.196418,0.208903,0.209987,0.188754,0.195938
0.196308,0.206225,0.198913,0.194703,0.203851
0.145724,0.240142,0.210788,0.187977,0.215369
0.138866,0.255003,0.228345,0.181373,0.196413
0.127487,0.288176,0.212121,0.178487,0.193729
0.136628,0.274757,0.212704,0.189263,0.186648
0.131066,0.257222,0.221782,0.179593,0.210336
0.1337,0.226128,0.210776,0.196078,0.233318
0.12358,0.236147,0.214535,0.193141,0.232596
0.141403,0.211271,0.193881,0.205937,0.247508
0.122595,0.235367,0.225108,0.177783,0.239147
0.139458,0.245173,0.192059,0.188687,0.234623
0.176549,0.22614,0.21509,0.187142,0.195079
0.186897,0.210828,0.187074,0.214203,0.200999
0.179231,0.219501,0.203645,0.204386,0.193237
0.169708,0.232171,0.195054,0.213724,0.189343
0.100414,0.273941,0.175714,0.269854,0.180076
0.102739,0.282551,0.174747,0.262078,0.177885
0.107011,0.237473,0.187973,0.273261,0.194282
0.133423,0.208302,0.192234,0.27564,0.1904
0.171819,0.205689,0.193256,0.232363,0.196873
0.195331,0.206415,0.183931,0.20736,0.206962
0.20351,0.200944,0.163498,0.216572,0.215476
0.198563,0.201537,0.188105,0.201782,0.210013
0.192955,0.209418,0.206016,0.188418,0.203193
0.174375,0.20261,0.182452,0.212088,0.228475
0.16461,0.240833,0.198852,0.209235,0.186469
0.153404,0.243378,0.199547,0.204648,0.199024
0.149711,0.261305,0.205492,0.201099,0.182393
0.159082,0.269702,0.189021,0.216193,0.166001
0.12811,0.285084,0.204833,0.212808,0.169164
0.171435,0.234881,0.223952,0.19075,0.178982
0.160791,0.252962,0.203084,0.210402,0.17276
0.175956,0.258137,0.186746,0.213074,0.166086
0.180799,0.251627,0.182089,0.220767,0.164718
0.19267,0.243219,0.162398,0.243446,0.158266
0.193062,0.235642,0.175319,0.22752,0.168457
0.22582,0.21452,0.179094,0.21165,0.168916
0.214142,0.217929,0.185067,0.208825,0.174038
0.200563,0.209925,0.186638,0.207027,0.195847
0.167723,0.225307,0.202769,0.219938,0.184263
0.181993,0.233055,0.195583,0.208726,0.180642
0.168825,0.251204,0.193425,0.204398,0.182148
0.177015,0.221897,0.216363,0.206971,0.177753
0.171362,0.229328,0.221143,0.205711,0.172455
0.182431,0.230955,0.209251,0.207518,0.169846
0.191879,0.22365,0.200654,0.207285,0.176532
0.188218,0.222786,0.210734,0.205293,0.172968
0.189307,0.22202,0.201461,0.198387,0.188825
0.204667,0.214906,0.191044,0.203803,0.18558
0.197118,0.205163,0.200879,0.197615,0.199224
0.182881,0.218557,0.216132,0.195606,0.186823
0.18049,0.221802,0.218139,0.187321,0.192249
0.177801,0.224878,0.220321,0.186789,0.190213
0.162557,0.239634,0.218004,0.183945,0.195861
0.159548,0.256838,0.199126,0.205361,0.179128
0.159589,0.259993,0.195883,0.20644,0.178094
0.158422,0.28191,0.189223,0.220104,0.150341
0.164409,0.278339,0.176157,0.231044,0.150051
0.181545,0.237941,0.199846,0.211536,0.169132
0.194953,0.218188,0.220038,0.194853,0.171968
0.19954,0.212578,0.210283,0.19766,0.17994
0.204506,0.214345,0.201223,0.194888,0.185038
0.194754,0.20953,0.207131,0.19176,0.196825
0.200326,0.201633,0.172633,0.212936,0.212473
0.196744,0.205523,0.197651,0.199574,0.200508
0.192339,0.207431,0.190969,0.202738,0.206522
0.153598,0.208889,0.198424,0.233487,0.205602
0.147265,0.214412,0.205128,0.227266,0.205929
0.167225,0.258184,0.189637,0.206959,0.177995
0.189007,0.230782,0.174917,0.221563,0.183732
0.19464,0.229803,0.175298,0.221861,0.178398
0.18088,0.264565,0.181726,0.235561,0.137267
0.189198,0.250592,0.18543,0.23175,0.14303
0.167602,0.227105,0.178244,0.236414,0.190634
0.163458,0.240243,0.210892,0.188726,0.196681
0.148134,0.262112,0.211184,0.197153,0.181417
0.160316,0.2382,0.1955,0.193572,0.212411
0.171599,0.236496,0.209168,0.191568,0.19117
0.173082,0.222235,0.202492,0.20688,0.195311
0.170536,0.249164,0.19564,0.200919,0.183743
0.17416,0.238724,0.205063,0.198895,0.183158
0.16217,0.253585,0.194083,0.217735,0.172428
0.194822,0.216912,0.198805,0.203774,0.185687
0.19337,0.215553,0.201346,0.206331,0.183401
0.178272,0.22719,0.211214,0.20696,0.176363
0.185869,0.227636,0.229222,0.193019,0.164254
0.197112,0.220114,0.199349,0.207547,0.175879
0.188046,0.212558,0.189934,0.211821,0.197641
0.145926,0.265791,0.239384,0.188309,0.16059
0.160005,0.246813,0.228838,0.190371,0.173972
0.153412,0.248289,0.230664,0.190071,0.177564
0.122481,0.284367,0.247091,0.181556,0.164505
0.139767,0.279636,0.243684,0.179219,0.157694
0.167364,0.242842,0.216096,0.193565,0.180133
0.151098,0.256338,0.218789,0.199532,0.174243
0.149235,0.25576,0.19745,0.22076,0.176794
0.159975,0.262218,0.194001,0.212543,0.171262
0.145865,0.243814,0.1933,0.228302,0.188719
0.176771,0.234485,0.189003,0.21514,0.184601
0.169604,0.25667,0.18575,0.208383,0.179592
0.166824,0.261018,0.182952,0.215182,0.174024
0.182368,0.223267,0.189622,0.207281,0.197462
0.197372,0.211986,0.19286,0.204631,0.193152
0.201159,0.209898,0.214084,0.195936,0.178924
0.180912,0.233287,0.227104,0.193723,0.164974
0.179464,0.236347,0.226088,0.199598,0.158503
0.166743,0.247349,0.228879,0.200734,0.156295
0.186116,0.226884,0.205679,0.218776,0.162544
0.179294,0.222571,0.209676,0.201206,0.187253
0.173992,0.232258,0.205722,0.199681,0.188347
0.151182,0.218487,0.199543,0.228748,0.20204
0.140588,0.225077,0.194993,0.238867,0.200475
0.14419,0.219324,0.202266,0.226983,0.207237
0.140661,0.214438,0.200461,0.241882,0.202559
0.0963875,0.215326,0.17232,0.312898,0.203069
0.101708,0.213283,0.173155,0.307785,0.20407
0.144374,0.209592,0.185199,0.248601,0.212234
0.134051,0.21456,0.188886,0.256607,0.205896
0.137643,0.21699,0.189201,0.242206,0.21396
0.206718,0.210947,0.212927,0.194736,0.174673
0.204083,0.221629,0.221356,0.194418,0.158513
0.175515,0.235487,0.188787,0.215599,0.184611
0.173553,0.247745,0.187569,0.210656,0.180477
0.166964,0.264126,0.18353,0.211584,0.173796
0.143745,0.24365,0.19991,0.215736,0.196958
0.101195,0.254564,0.183154,0.275465,0.185622
0.132159,0.213099,0.186433,0.266652,0.201656
0.158608,0.207063,0.178181,0.255993,0.200156
0.183361,0.204389,0.165476,0.230419,0.216355
0.158518,0.237183,0.172488,0.228135,0.203676
0.171302,0.232504,0.181774,0.21817,0.19625
0.154917,0.290687,0.178528,0.213263,0.162604
0.133352,0.330933,0.17171,0.215013,0.148992
0.148315,0.282009,0.179796,0.218323,0.171558
0.138234,0.315809,0.169768,0.223781,0.152408
0.15104,0.293927,0.174456,0.22885,0.151726
0.175334,0.269361,0.168106,0.232433,0.154767
0.17277,0.273978,0.162848,0.244573,0.145831
0.157209,0.310476,0.14942,0.256637,0.126258
0.161132,0.303675,0.147985,0.256897,0.130311
0.190398,0.258598,0.165108,0.23513,0.150767
0.169683,0.277781,0.171573,0.231163,0.1498
0.120686,0.349272,0.152875,0.224007,0.15316
0.0713025,0.390779,0.124739,0.257211,0.155968
0.0696945,0.413165,0.113828,0.247697,0.155616
0.063372,0.463097,0.108913,0.230755,0.133863
0.0541746,0.41263,0.103368,0.281677,0.148151
0.059554,0.300374,0.132597,0.339166,0.168309
0.126241,0.269724,0.16708,0.247667,0.189287
0.161633,0.254787,0.205936,0.205293,0.172351
0.13245,0.259129,0.204304,0.220133,0.183985
0.152883,0.238062,0.211287,0.195566,0.202202
0.199355,0.207349,0.198799,0.199259,0.195238
0.174854,0.211532,0.202411,0.210198,0.201005
0.103948,0.236671,0.164309,0.284899,0.210172
0.122176,0.230277,0.173254,0.263656,0.210637
0.113928,0.266425,0.154833,0.256661,0.208153
0.177024,0.214611,0.201154,0.204816,0.202394
0.16866,0.236886,0.229059,0.183207,0.182189
0.152599,0.264349,0.255526,0.176287,0.151239
0.158306,0.252369,0.23945,0.177072,0.172804
0.165951,0.242763,0.233935,0.182448,0.174903
0.170558,0.209184,0.20089,0.217791,0.201576
0.186064,0.22304,0.190637,0.209388,0.190871
0.195765,0.208609,0.206798,0.198605,0.190223
0.20112,0.203706,0.192628,0.20086,0.201686
0.189876,0.213447,0.20842,0.192016,0.196241
0.194137,0.213388,0.214625,0.188655,0.189195
0.186374,0.206141,0.204585,0.204499,0.198401
0.169662,0.2414,0.192155,0.211413,0.18537
0.164267,0.268519,0.191854,0.207177,0.168183
0.181652,0.211572,0.196224,0.214954,0.195597
0.193775,0.210106,0.208121,0.198146,0.189852
0.195168,0.20363,0.187639,0.209256,0.204308
0.189022,0.207469,0.201625,0.202327,0.199557
0.199437,0.203706,0.181845,0.208573,0.20644
0.198139,0.209251,0.182201,0.201196,0.209214
0.190694,0.206466,0.184902,0.206524,0.211414
0.145681,0.255231,0.17641,0.224114,0.198563
0.120777,0.260091,0.170498,0.258219,0.190415
0.147737,0.270743,0.185302,0.211858,0.18436
0.144187,0.280783,0.179921,0.21254,0.182569
0.129987,0.282314,0.174523,0.230578,0.182598
0.162723,0.251769,0.195917,0.20325,0.186341
0.169589,0.242535,0.20248,0.197688,0.187709
0.163041,0.280576,0.180036,0.216013,0.160334
0.166304,0.268961,0.185882,0.208763,0.170089
0.175219,0.256287,0.183395,0.216533,0.168566
0.184347,0.241019,0.237793,0.195421,0.14142
0.191578,0.220941,0.197376,0.212651,0.177455
0.199446,0.214215,0.215863,0.198296,0.17218
0.153384,0.249027,0.234865,0.179668,0.183056
0.153758,0.240412,0.218936,0.181628,0.205266
0.110848,0.232327,0.178133,0.257272,0.221419
0.136297,0.257669,0.20009,0.187091,0.218854
0.127874,0.2605,0.18913,0.198754,0.223742
0.138484,0.232544,0.193633,0.238798,0.196542
0.137194,0.23599,0.191522,0.240028,0.195265
0.159305,0.260103,0.183702,0.21156,0.18533
0.159423,0.250624,0.180859,0.212345,0.196749
0.15286,0.272523,0.184488,0.210804,0.179326
0.141141,0.281773,0.191833,0.204898,0.180354
0.143881,0.283053,0.186151,0.208831,0.178085
0.139173,0.244845,0.19286,0.228919,0.194203
0.179671,0.222803,0.214717,0.192654,0.190156
0.123119,0.23546,0.185748,0.255934,0.19974
0.139509,0.207966,0.195338,0.255236,0.201951
0.182931,0.207636,0.205269,0.198189,0.205975
0.178022,0.227856,0.207061,0.194654,0.192407
0.164447,0.243371,0.1876,0.210991,0.193591
0.162839,0.237696,0.217771,0.209513,0.172182
0.158043,0.239183,0.209,0.216877,0.176898
0.159254,0.235793,0.213295,0.203617,0.18804
0.163051,0.223797,0.194222,0.216474,0.202456
0.151054,0.217082,0.201766,0.225914,0.204185
0.141976,0.23783,0.18316,0.236283,0.200752
0.144914,0.235925,0.180122,0.234039,0.205
0.132924,0.233166,0.183503,0.24526,0.205147
0.120374,0.210003,0.191103,0.277831,0.200689
0.119601,0.210256,0.192245,0.277952,0.199946
0.154165,0.21318,0.200561,0.225414,0.20668
0.156591,0.214075,0.185958,0.220941,0.222436
0.169961,0.213554,0.181541,0.211613,0.223332
0.170343,0.242654,0.210728,0.195977,0.180297
0.176309,0.236539,0.206892,0.19509,0.18517
0.187427,0.22487,0.202234,0.201542,0.183927
0.164858,0.251806,0.203756,0.221958,0.157622
0.165471,0.254045,0.194523,0.227999,0.157961
0.178326,0.235734,0.207474,0.224242,0.154224
0.180315,0.228266,0.213058,0.213746,0.164615
0.178614,0.225095,0.212259,0.215418,0.168614
0.177752,0.225568,0.186391,0.217679,0.19261
0.178536,0.218365,0.200765,0.214346,0.187987
0.188753,0.218915,0.201027,0.198947,0.192358
0.172676,0.242895,0.190446,0.204476,0.189506
0.155008,0.234657,0.188641,0.221276,0.200418
0.14985,0.277354,0.192798,0.203892,0.176106
0.150614,0.270357,0.186977,0.207998,0.184053
0.151811,0.231288,0.188651,0.222847,0.205403
0.169779,0.218333,0.203155,0.209723,0.199011
0.184471,0.2162,0.201976,0.196849,0.200503
0.170378,0.208372,0.194004,0.21795,0.209296
0.184838,0.215729,0.19547,0.199471,0.204492
0.181591,0.225786,0.215549,0.190711,0.186363
0.171887,0.246361,0.237709,0.179062,0.16498
0.191944,0.222692,0.226623,0.187708,0.171033
0.185672,0.225438,0.220691,0.194789,0.173411
0.15973,0.248578,0.241171,0.176507,0.174014
0.159725,0.240647,0.232935,0.181937,0.184757
0.182548,0.22183,0.214969,0.187813,0.192841
0.179438,0.225628,0.216568,0.189755,0.188612
0.196708,0.21102,0.204499,0.201132,0.18664
0.185386,0.238511,0.189403,0.212552,0.174147
0.165362,0.282257,0.176706,0.223276,0.152399
0.176589,0.252662,0.186301,0.213019,0.17143
0.108844,0.380434,0.202266,0.191097,0.11736
0.0968856,0.364839,0.216664,0.202098,0.119514
0.0815335,0.392029,0.20616,0.199517,0.12076
0.0725455,0.408654,0.215292,0.18876,0.114748
0.0868694,0.387792,0.208993,0.196199,0.120147
0.148283,0.255476,0.239072,0.180882,0.176287
0.169479,0.243495,0.227328,0.182136,0.177562
0.193195,0.218755,0.20926,0.200079,0.178712
0.201321,0.212061,0.208163,0.197509,0.180947
0.192285,0.227502,0.235991,0.183725,0.160497
0.174073,0.238521,0.229647,0.18198,0.175778
0.187195,0.210643,0.190527,0.205787,0.205848
0.178426,0.216217,0.196361,0.203971,0.205024
0.187949,0.226306,0.222403,0.186468,0.176875
0.15207,0.264391,0.246611,0.17422,0.162709
0.145089,0.279608,0.261739,0.171922,0.141642
0.148126,0.282777,0.269536,0.174459,0.125101
0.144267,0.289818,0.28087,0.175907,0.109139
0.169396,0.237842,0.230824,0.20562,0.156318
0.143621,0.270089,0.204454,0.227184,0.154653
0.176365,0.227822,0.208968,0.208559,0.178286
0.163283,0.268048,0.271137,0.172766,0.124765
0.159845,0.259688,0.240588,0.176781,0.163097
0.143309,0.272357,0.251667,0.169226,0.163441
0.144986,0.268537,0.250017,0.169555,0.166905
0.148001,0.262748,0.245639,0.171995,0.171617
0.183024,0.227846,0.216117,0.186546,0.186466
0.17135,0.237071,0.224002,0.197094,0.170482
0.164527,0.26669,0.193247,0.2085,0.167036
0.173663,0.254516,0.186926,0.215601,0.169294
0.170003,0.250573,0.188346,0.218803,0.172275
0.126455,0.327448,0.15752,0.223389,0.165189
0.13535,0.291156,0.16672,0.22243,0.184344
0.161038,0.251525,0.180521,0.211605,0.19531
0.175199,0.223309,0.192363,0.205989,0.203139
0.161186,0.243902,0.177549,0.219363,0.198
0.187915,0.216637,0.208614,0.199273,0.18756
0.21055,0.196788,0.194341,0.200785,0.197537
0.20902,0.193786,0.19173,0.20108,0.204385
0.185374,0.207111,0.187487,0.208519,0.211509
0.177743,0.202882,0.199815,0.216562,0.202998
0.168784,0.203212,0.191234,0.230713,0.206057
0.171709,0.20816,0.198184,0.217038,0.204908
0.167212,0.242754,0.236516,0.185442,0.168076
0.163055,0.237787,0.223987,0.202508,0.172663
0.159266,0.239642,0.218921,0.208509,0.173662
0.163592,0.245537,0.21361,0.203602,0.173659
0.173125,0.252643,0.193966,0.204406,0.17586
0.163904,0.262918,0.192288,0.205013,0.175877
0.17528,0.2427,0.190843,0.204132,0.187046
0.180851,0.225749,0.198512,0.20127,0.193618
0.198235,0.211521,0.207314,0.196044,0.186887
0.198394,0.216287,0.221094,0.190788,0.173436
0.197936,0.219247,0.20512,0.199004,0.178694
0.190238,0.224865,0.205368,0.207198,0.172331
0.192351,0.220743,0.20237,0.207929,0.176607
0.196961,0.211843,0.214413,0.194847,0.181936
0.188894,0.218476,0.213838,0.199873,0.178919
0.180228,0.23524,0.224705,0.181739,0.178088
0.184999,0.223612,0.19116,0.203907,0.196322
0.183517,0.228976,0.186923,0.211485,0.189099
0.145749,0.294211,0.173554,0.214601,0.171885
0.123715,0.26687,0.172196,0.243053,0.194165
0.0849921,0.327034,0.14226,0.270702,0.175011
0.103593,0.261697,0.187597,0.250401,0.196712
0.102663,0.270802,0.184657,0.235115,0.206764
0.133071,0.247525,0.183126,0.198155,0.238123
0.135727,0.246108,0.212199,0.181169,0.224797
0.15305,0.222586,0.166544,0.218866,0.238954
