NVDA,AAPL,TSLA,AMD,GOOGL
0,0,0,0,0
0,0,0,0,0
0,0,0,0,0
0,0,0,0,0
0,0,0,0,0
0,0,0,0,0
0,0,0,0,0
0,0,0,0,0
0,0,0,0,0
0.238599,0.562879,0.0529297,0.0539649,0.0916281
0.236442,0.566022,0.0571882,0.0532451,0.0871033
0.250625,0.485583,0.0774418,0.0694506,0.116899
0.230348,0.468039,0.0932283,0.0924122,0.115973
0.212305,0.414504,0.0942624,0.123729,0.1552
0.216981,0.4426,0.0955116,0.117616,0.127291
0.223795,0.439326,0.0972146,0.106543,0.133122
0.227897,0.408502,0.106616,0.110909,0.146077
0.230743,0.385617,0.113948,0.113461,0.156231
0.251137,0.368857,0.119684,0.0963227,0.163998
0.258118,0.391734,0.111271,0.0896655,0.149211
0.268622,0.39547,0.100526,0.0902395,0.145143
0.256441,0.464203,0.0821452,0.0740104,0.1232
0.268374,0.44294,0.0831842,0.0756131,0.12989
0.265298,0.407332,0.0990205,0.0897547,0.138595
0.253156,0.437233,0.0952267,0.0828836,0.131501
0.25666,0.472159,0.0784969,0.0741404,0.118544
0.270954,0.468221,0.0611969,0.073689,0.125939
0.269783,0.477935,0.0596826,0.0714975,0.121101
0.280971,0.484337,0.0443727,0.0715074,0.118811
0.292052,0.484601,0.0325856,0.0703452,0.120416
0.278614,0.496647,0.0377966,0.0657085,0.121235
0.262664,0.501705,0.0503078,0.0667139,0.118609
0.269345,0.49446,0.0453362,0.0693267,0.121532
0.266278,0.506618,0.0451315,0.0657833,0.116189
0.29076,0.454598,0.0407965,0.0751991,0.138646
0.289416,0.453681,0.0447939,0.078879,0.13323
0.282038,0.453175,0.051563,0.0802303,0.132994
0.272283,0.456803,0.0598203,0.0826787,0.128415
0.275587,0.444369,0.0569615,0.0868835,0.136198
0.242694,0.430198,0.0961973,0.0976807,0.13323
0.242149,0.448815,0.0924714,0.095202,0.121362
0.246388,0.451324,0.094182,0.0846866,0.123419
0.261352,0.453111,0.0783578,0.0820065,0.125172
0.278382,0.432418,0.0600631,0.0830922,0.146045
0.251934,0.452886,0.0899318,0.0788579,0.12639
0.252425,0.432115,0.0987744,0.0844662,0.132219
0.254493,0.422034,0.101706,0.0830233,0.138743
0.255389,0.441425,0.0915634,0.074949,0.136673
0.252827,0.397164,0.090821,0.0804897,0.178698
0.255346,0.43995,0.0873425,0.0736307,0.14373
0.255667,0.437813,0.0881253,0.0730423,0.145352
0.253573,0.4092,0.0925063,0.0780536,0.166667
0.251226,0.409914,0.0948786,0.0808106,0.163171
0.240043,0.403534,0.0938443,0.0923232,0.170256
0.25087,0.425513,0.0888627,0.0775418,0.157212
0.251468,0.443316,0.0827896,0.070413,0.152013
0.252475,0.441931,0.0814225,0.0710834,0.153088
0.246789,0.431325,0.080592,0.0756382,0.165656
0.252422,0.444191,0.0819287,0.0692706,0.152187
0.248075,0.465234,0.086019,0.0693947,0.131277
0.23777,0.475272,0.0906273,0.0773292,0.119002
0.248584,0.437639,0.0902384,0.076057,0.147481
0.244483,0.43515,0.0889324,0.0797905,0.151644
0.247545,0.436605,0.0976014,0.0793101,0.138938
0.24509,0.452516,0.0907914,0.0773102,0.134292
0.250963,0.41298,0.1025,0.0825284,0.151028
0.244441,0.436896,0.0865762,0.0818503,0.150237
0.252948,0.406577,0.10353,0.0852583,0.151686
0.25411,0.420635,0.104634,0.0854665,0.135155
0.25327,0.420756,0.103985,0.0870452,0.134944
0.25727,0.43302,0.094101,0.0836761,0.131933
0.259302,0.439562,0.0902764,0.0800909,0.130769
0.264216,0.440362,0.0852338,0.0767946,0.133394
0.267635,0.456648,0.0722632,0.0724454,0.131008
0.25986,0.433034,0.0930814,0.0775144,0.13651
0.254497,0.464519,0.0815558,0.0690302,0.130399
0.253719,0.476917,0.0725694,0.0639193,0.132875
0.25068,0.498763,0.0733104,0.0639664,0.113279
0.253159,0.470126,0.0782982,0.0684003,0.130017
0.250274,0.484505,0.0770658,0.0678772,0.120278
0.241135,0.504371,0.0718336,0.0691974,0.113463
0.240218,0.490668,0.0750889,0.0732053,0.12082
0.233072,0.513092,0.0728956,0.07396,0.10698
0.2377,0.515639,0.0762951,0.0700897,0.100276
0.230999,0.520083,0.0769872,0.0736841,0.0982474
0.239495,0.464465,0.0908198,0.085538,0.119682
0.243416,0.431556,0.0893654,0.0875812,0.148081
0.245855,0.40944,0.103098,0.08906,0.152547
0.245007,0.415426,0.103518,0.0883911,0.147658
0.2215,0.414178,0.105846,0.114905,0.143571
0.235013,0.389689,0.112397,0.106611,0.156289
0.231801,0.393682,0.110747,0.109046,0.154724
0.241236,0.385677,0.110618,0.100312,0.162157
0.226881,0.354805,0.0936027,0.160335,0.164377
0.222781,0.365022,0.100702,0.131791,0.179703
0.222755,0.37405,0.0911758,0.156835,0.155184
0.227801,0.335421,0.0815936,0.217878,0.137306
0.228116,0.353981,0.0977837,0.170253,0.149865
0.221461,0.372773,0.0995758,0.154478,0.151712
0.231527,0.421613,0.0964971,0.109149,0.141214
0.21955,0.398158,0.0969025,0.130642,0.154748
0.22108,0.37977,0.0885624,0.147652,0.162936
0.234892,0.342985,0.0857148,0.187834,0.148575
0.230809,0.394404,0.10495,0.112754,0.157084
0.224193,0.386153,0.104429,0.123837,0.161388
0.245564,0.389815,0.106432,0.0942327,0.163956
0.245536,0.390878,0.108873,0.0956418,0.15907
0.243886,0.400461,0.0973076,0.0998654,0.158479
0.25018,0.411382,0.0973111,0.0880209,0.153106
0.24941,0.421958,0.100775,0.085507,0.14235
0.255454,0.425807,0.0968819,0.07698,0.144877
0.248729,0.465905,0.0901793,0.0725382,0.122648
0.245815,0.473131,0.0934312,0.0725231,0.1151
0.256902,0.477977,0.076444,0.0696968,0.118979
0.254425,0.489993,0.0745377,0.0677901,0.113254
0.252284,0.490174,0.0779648,0.0672876,0.112289
0.252558,0.539513,0.0611442,0.0563889,0.0903955
0.255063,0.504558,0.0690444,0.0650672,0.106267
0.253578,0.462322,0.0893131,0.0732583,0.121529
0.254224,0.442905,0.0945391,0.0785318,0.1298
0.254089,0.427627,0.100788,0.0827102,0.134786
0.25438,0.444938,0.0937268,0.0775728,0.129382
0.25352,0.458044,0.0883525,0.0747706,0.125312
0.252856,0.472619,0.080075,0.0703453,0.124105
0.282398,0.487904,0.0475018,0.0671266,0.11507
0.270715,0.482238,0.0595478,0.0687072,0.118791
0.254325,0.461534,0.086509,0.0718145,0.125817
0.253472,0.492923,0.0741725,0.0668684,0.112565
0.262168,0.498921,0.0610437,0.0659263,0.111941
0.258505,0.507902,0.0650022,0.0631259,0.105464
0.270237,0.496143,0.0614504,0.0644824,0.107687
0.281832,0.497362,0.0564562,0.0642588,0.100091
0.295,0.502081,0.0540015,0.0816144,0.0673023
0.279676,0.494286,0.0649585,0.0920576,0.0690223
0.252536,0.445552,0.0735757,0.146097,0.082239
0.24563,0.48999,0.0706726,0.0957869,0.0979204
0.317817,0.426554,0.0430394,0.160659,0.05193
0.296605,0.450358,0.0470195,0.147782,0.058235
0.282391,0.480271,0.0481205,0.123365,0.0658529
0.255742,0.501146,0.052721,0.105704,0.0846872
0.248695,0.548541,0.0529018,0.0770378,0.0728245
0.252716,0.576124,0.0411472,0.0640758,0.0659368
0.269927,0.544466,0.0374204,0.0625499,0.0856367
0.266224,0.532813,0.0458277,0.0685829,0.0865529
0.27075,0.527085,0.0379776,0.0645325,0.0996545
0.256125,0.522463,0.057006,0.0695243,0.0948819
0.261685,0.484829,0.0601745,0.0684063,0.124905
0.27255,0.468733,0.0529874,0.0728084,0.132922
0.269965,0.45725,0.0631257,0.0763762,0.133283
0.269417,0.442182,0.0756499,0.077186,0.135565
0.246543,0.456929,0.09908,0.0802516,0.117197
0.248665,0.427626,0.0981699,0.0845393,0.140999
0.245287,0.455952,0.101128,0.0804094,0.117223
0.256264,0.439411,0.0986321,0.0759744,0.129719
0.254485,0.409915,0.106078,0.0822804,0.147241
0.264418,0.424765,0.0965853,0.0801982,0.134033
0.271764,0.424134,0.082651,0.0806441,0.140806
0.25491,0.419278,0.0975001,0.0789706,0.149342
0.256127,0.429105,0.0951458,0.0776421,0.14198
0.26444,0.43531,0.0873988,0.0777283,0.135123
0.258671,0.398999,0.107917,0.0871284,0.147284
0.253674,0.411752,0.106378,0.082059,0.146136
0.254233,0.429533,0.0978527,0.0801713,0.138211
0.258717,0.464805,0.0738624,0.0770981,0.125518
0.277174,0.461525,0.0558736,0.0772239,0.128204
0.255853,0.456693,0.0765102,0.079586,0.131358
0.248936,0.419173,0.092862,0.0860695,0.152959
0.251072,0.404247,0.10496,0.0889271,0.150794
0.253413,0.412766,0.105834,0.0883284,0.139659
0.253164,0.401061,0.111089,0.0916313,0.143055
0.26784,0.419235,0.0856628,0.0863022,0.14096
0.277646,0.390661,0.0897199,0.0954828,0.14649
0.285879,0.370848,0.0864866,0.100062,0.156725
0.266102,0.363974,0.116549,0.0982358,0.155139
0.259916,0.372525,0.117413,0.0979859,0.15216
0.288371,0.385227,0.0791633,0.0969553,0.150283
0.300651,0.377686,0.0654236,0.0976281,0.158611
0.314098,0.370305,0.0544323,0.0926613,0.168503
0.306861,0.391768,0.051869,0.0931034,0.156398
0.301462,0.408915,0.0468501,0.0921533,0.150619
0.302657,0.407288,0.0444668,0.0919683,0.15362
0.300986,0.417644,0.0402612,0.0890395,0.152069
0.287017,0.435088,0.0529428,0.0840885,0.140863
0.288442,0.442792,0.049104,0.081277,0.138385
0.280095,0.457104,0.0523109,0.0775538,0.132937
0.245581,0.493602,0.0796945,0.0683316,0.112791
0.252687,0.473527,0.0872664,0.0704944,0.116025
0.250715,0.455084,0.0912597,0.0765628,0.126378
0.247762,0.427602,0.0955755,0.0829385,0.146122
0.252247,0.40641,0.0983294,0.0816442,0.16137
0.230863,0.391321,0.103748,0.107793,0.166275
0.241148,0.408752,0.095815,0.0942652,0.16002
0.250074,0.439046,0.0992115,0.0852895,0.126379
0.236282,0.409644,0.106729,0.103376,0.143969
0.242431,0.396961,0.111663,0.101362,0.147583
0.235949,0.426697,0.108508,0.103856,0.124989
0.236658,0.460758,0.097863,0.093965,0.110756
0.249348,0.448283,0.0937108,0.0866004,0.122058
0.251533,0.459816,0.0859522,0.081353,0.121346
0.250821,0.463696,0.0868627,0.0781977,0.120423
0.266275,0.486793,0.0526852,0.0708581,0.123389
0.290933,0.416154,0.0548692,0.0858046,0.152239
0.286698,0.402364,0.0648533,0.0882765,0.157808
0.285714,0.408461,0.0682408,0.0859812,0.151604
0.27262,0.404214,0.083458,0.0853895,0.154319
0.28389,0.38232,0.082471,0.0900292,0.161289
0.277968,0.397128,0.0838011,0.0852842,0.155819
0.255817,0.419794,0.104912,0.0848025,0.134674
0.250324,0.406922,0.107742,0.0900351,0.144977
0.247511,0.402651,0.115839,0.0923902,0.14161
0.252086,0.397536,0.113687,0.0885257,0.148165
0.252267,0.397199,0.103315,0.0850881,0.16213
0.252273,0.395636,0.104182,0.0856711,0.162238
0.252804,0.403377,0.102005,0.0840635,0.15775
0.254516,0.437677,0.0957479,0.078711,0.133348
0.252532,0.452312,0.0915723,0.0767655,0.126819
0.249615,0.442059,0.096106,0.0821801,0.13004
0.253859,0.442303,0.0952286,0.0787841,0.129825
0.253821,0.460577,0.0879944,0.0734895,0.124117
0.252275,0.461373,0.0877742,0.0737791,0.124798
0.263723,0.437872,0.0809613,0.0835925,0.133851
0.27629,0.432053,0.0667317,0.0854244,0.139501
0.259079,0.464426,0.073767,0.0773579,0.125369
0.251739,0.461929,0.0844501,0.07683,0.125052
0.252563,0.439661,0.0960253,0.0829587,0.128791
0.251668,0.452786,0.089377,0.0804514,0.125718
0.275589,0.437869,0.0646947,0.0836102,0.138237
0.282039,0.436698,0.0559078,0.0836735,0.141682
0.252345,0.438405,0.0949924,0.0846809,0.129577
0.252548,0.438652,0.0947059,0.0848579,0.129236
0.246715,0.452557,0.0934701,0.0817964,0.125461
0.23889,0.409027,0.0898961,0.0989051,0.163282
0.245632,0.416274,0.0969049,0.0887791,0.15241
0.248348,0.435869,0.0947856,0.0831464,0.137851
0.251839,0.454741,0.0920053,0.0772946,0.12412
0.253452,0.468517,0.0809883,0.0729824,0.12406
0.251831,0.46804,0.0850014,0.0745308,0.120597
0.254867,0.471872,0.078024,0.0734775,0.12176
0.270994,0.466146,0.0597911,0.0750668,0.128002
0.280786,0.454424,0.0537738,0.0786364,0.13238
0.287049,0.437567,0.054242,0.0837971,0.137345
0.293185,0.431494,0.0495634,0.0857647,0.139994
0.285682,0.438052,0.0534932,0.0850678,0.137705
0.301386,0.425467,0.0422194,0.0869965,0.143932
0.315677,0.406526,0.0326803,0.0880262,0.15709
0.307117,0.41394,0.0381562,0.0882201,0.152566
0.287966,0.412891,0.0620115,0.0884823,0.14865
0.283552,0.412203,0.0662567,0.0896526,0.148336
0.286446,0.399983,0.0676302,0.0890332,0.156908
0.293735,0.398104,0.0606145,0.0890795,0.158467
0.295996,0.405773,0.0577122,0.0858436,0.154675
0.286716,0.425228,0.0611003,0.0831213,0.143834
0.263938,0.442123,0.0829382,0.078979,0.132021
0.254715,0.424415,0.101523,0.0827316,0.136616
0.253653,0.413156,0.0974867,0.0816473,0.154058
0.250189,0.387064,0.098641,0.0865529,0.177553
0.254511,0.449576,0.0877331,0.0745355,0.133645
0.253939,0.41125,0.0932828,0.08067,0.160858
0.253649,0.458334,0.0869693,0.0739925,0.127055
0.253132,0.464547,0.0843542,0.072839,0.125128
0.251083,0.480457,0.0764009,0.070106,0.121953
0.254255,0.476319,0.0780529,0.0704963,0.120877
0.267255,0.468689,0.0730073,0.0703597,0.120689
0.252262,0.525439,0.060112,0.0608294,0.101357
0.263087,0.518017,0.0569025,0.0605957,0.101397
0.257508,0.509261,0.0634713,0.0631496,0.10661
0.263456,0.473952,0.0739838,0.0691327,0.119476
0.258067,0.499668,0.066513,0.0636009,0.112151
0.254012,0.436668,0.0936203,0.0775235,0.138176
0.253875,0.426089,0.0926345,0.0767515,0.15065
0.253361,0.409211,0.0970764,0.0800143,0.160338
0.254802,0.424323,0.0960744,0.0786707,0.14613
0.253291,0.414222,0.0985329,0.0814605,0.152493
0.255445,0.391666,0.107772,0.0865501,0.158566
0.252725,0.399261,0.110286,0.0863004,0.151428
0.254425,0.419445,0.108342,0.0804688,0.137319
0.250811,0.460378,0.0919431,0.0729116,0.123956
0.30842,0.42371,0.0435689,0.0831955,0.141105
0.326312,0.405386,0.0270547,0.0839072,0.15734
0.355748,0.375497,0.0179276,0.0816948,0.169132
0.311502,0.422783,0.0316154,0.084401,0.149699
0.327093,0.403474,0.0253475,0.0849288,0.159157
0.304399,0.423949,0.0362398,0.0814175,0.153994
0.301067,0.422626,0.0421207,0.0835108,0.150676
0.308108,0.398865,0.0422756,0.0881904,0.16256
0.307039,0.385445,0.0486728,0.0923857,0.166458
0.324007,0.364874,0.0429065,0.0891221,0.17909
0.31312,0.359106,0.0516377,0.094565,0.181571
0.338655,0.350365,0.0387891,0.0915533,0.180637
0.297915,0.396498,0.0644493,0.0881553,0.152982
0.313441,0.392982,0.0564137,0.0872171,0.149947
0.254854,0.424359,0.107959,0.0801823,0.132646
0.302708,0.394256,0.0608718,0.0905612,0.151603
0.297302,0.411004,0.0645955,0.0838767,0.143222
0.267026,0.429979,0.0880019,0.0807167,0.134277
0.252868,0.4568,0.0965982,0.0724618,0.121272
0.249829,0.44904,0.0932035,0.0764972,0.13143
0.247854,0.442641,0.101304,0.078726,0.129475
0.24728,0.432481,0.0916055,0.0801553,0.148478
0.24759,0.421459,0.0923445,0.0811635,0.157444
0.249246,0.428382,0.0946656,0.0812626,0.146443
0.250294,0.443449,0.0967834,0.0771953,0.132278
0.244939,0.463654,0.0902288,0.0770007,0.124177
0.243433,0.482937,0.0838707,0.0735374,0.116222
0.246301,0.476695,0.0852922,0.0745575,0.117155
0.2467,0.460499,0.0898614,0.0789541,0.123985
0.242592,0.464586,0.0959405,0.0808963,0.115984
0.241745,0.429405,0.0923285,0.0898574,0.146664
0.243478,0.413416,0.0887847,0.093355,0.160966
0.240434,0.404029,0.095123,0.0932287,0.167186
0.255912,0.411149,0.0968248,0.0804662,0.155647
0.263291,0.424504,0.0932982,0.0811037,0.137803
0.251923,0.385133,0.102895,0.0900157,0.170034
0.255876,0.410712,0.103669,0.0841286,0.145614
0.254527,0.438966,0.0938368,0.0803094,0.132361
0.283296,0.441969,0.0613822,0.0799407,0.133412
0.309221,0.439011,0.0359023,0.0799222,0.135943
0.322258,0.422272,0.0286116,0.0850045,0.141854
0.341963,0.404946,0.0218219,0.0812067,0.150063
0.314437,0.438756,0.0253149,0.0821623,0.13933
0.287744,0.462393,0.0398232,0.0798769,0.130163
0.241776,0.52487,0.0658294,0.071543,0.0959808
0.245914,0.538538,0.0548291,0.0703314,0.0903881
0.237987,0.524071,0.062095,0.0769499,0.098897
0.258406,0.493104,0.0575808,0.0715877,0.119322
0.241396,0.481705,0.0678107,0.0849878,0.1241
0.234447,0.414335,0.0734645,0.106125,0.17163
0.230777,0.409964,0.0602614,0.106193,0.192804
0.22564,0.411353,0.0621198,0.108545,0.192342
0.221711,0.401468,0.0667298,0.109482,0.200608
0.225031,0.481949,0.070101,0.0859789,0.13694
0.24529,0.507335,0.0683619,0.0651892,0.113824
0.249464,0.481434,0.0799099,0.0704937,0.118699
0.253342,0.459086,0.0885589,0.0739193,0.125094
0.246892,0.484853,0.0835248,0.0742507,0.110479
0.249871,0.473271,0.0868883,0.0747192,0.115251
0.249615,0.441344,0.0988125,0.0835523,0.126677
0.243005,0.383733,0.0900464,0.0976698,0.185546
0.244976,0.378393,0.089585,0.100355,0.186691
0.255722,0.427805,0.0833764,0.0888453,0.144251
0.25159,0.387109,0.113124,0.0944997,0.153678
0.236218,0.368693,0.124092,0.112713,0.158283
0.245831,0.360508,0.122668,0.103125,0.167868
0.251043,0.383285,0.115996,0.0948499,0.154826
0.242748,0.388468,0.1111,0.0977477,0.159936
0.252901,0.411084,0.10887,0.0892478,0.137897
0.251798,0.4267,0.104,0.0886907,0.128812
0.23874,0.464498,0.0971507,0.0900375,0.109574
0.221872,0.518976,0.0853868,0.0869966,0.0867684
0.220029,0.451605,0.0964043,0.1064,0.125561
0.212469,0.458228,0.0949562,0.114417,0.11993
0.24318,0.491252,0.0813682,0.0773401,0.10686
0.247981,0.478934,0.0818759,0.0770693,0.114141
0.249,0.470924,0.0751801,0.0778566,0.127039
0.255296,0.467192,0.0699806,0.0785265,0.129005
0.251055,0.469394,0.0750893,0.0785237,0.125938
0.265662,0.455603,0.066028,0.0806707,0.132036
0.271537,0.45744,0.0602788,0.0764538,0.13429
0.27419,0.442127,0.0620903,0.0783091,0.143284
0.253823,0.467669,0.079841,0.0742481,0.124419
0.248029,0.492104,0.0817654,0.0686808,0.109421
0.245232,0.459224,0.088638,0.076157,0.130749
0.244848,0.424071,0.0944377,0.0839592,0.152684
0.251912,0.407485,0.0999593,0.0837498,0.156894
0.253171,0.416806,0.101447,0.0838167,0.144759
0.254335,0.437119,0.0908069,0.075141,0.142598
0.253095,0.430655,0.0887026,0.0742607,0.153287
0.252474,0.484473,0.0767024,0.0672804,0.11907
0.255132,0.495077,0.0706495,0.0654611,0.11368
0.289628,0.47089,0.0419481,0.0723759,0.125158
0.295196,0.457266,0.040737,0.0766303,0.130171
0.299726,0.452623,0.0376799,0.0762067,0.133765
0.317636,0.440332,0.0268794,0.0758501,0.139302
0.307669,0.444509,0.0343733,0.0728091,0.14064
0.314136,0.435008,0.0316383,0.0735421,0.145675
0.268426,0.465303,0.065123,0.0715754,0.129572
0.280117,0.447327,0.0593418,0.0748487,0.138366
0.263449,0.45366,0.077861,0.073202,0.131828
0.256407,0.451673,0.0876371,0.074217,0.130066
0.254331,0.419687,0.0948843,0.0780089,0.153089
0.254277,0.417932,0.0945231,0.0777149,0.155553
0.254085,0.421229,0.0927461,0.0765588,0.15538
0.252436,0.419241,0.092644,0.0770477,0.158631
0.254249,0.439537,0.0880432,0.0730611,0.14511
0.254242,0.428471,0.0915368,0.0746078,0.151143
0.262433,0.415072,0.089989,0.0781215,0.154384
0.256367,0.413973,0.0995255,0.0791398,0.150995
0.255081,0.412716,0.105764,0.0811788,0.14526
0.25451,0.419155,0.107241,0.0802346,0.13886
0.325794,0.4307,0.0446261,0.0717327,0.127147
0.277949,0.410246,0.0833112,0.0824622,0.146032
0.271716,0.403548,0.0958797,0.0851061,0.14375
0.26207,0.423678,0.102757,0.0821313,0.129363
0.317453,0.371239,0.0749155,0.100265,0.136127
0.301054,0.401063,0.0845747,0.0934822,0.119826
0.269167,0.420297,0.0910449,0.0856744,0.133816
0.269116,0.412833,0.107628,0.088708,0.121715
0.264422,0.411363,0.109753,0.0908858,0.123576
0.259187,0.41342,0.110816,0.0918529,0.124724
0.231349,0.356061,0.126247,0.122391,0.163952
0.256746,0.403555,0.11464,0.0918254,0.133233
0.255379,0.394406,0.118144,0.0928731,0.139197
0.251812,0.384932,0.117183,0.0923433,0.15373
0.238543,0.393801,0.101365,0.0998912,0.166399
0.237542,0.383005,0.101049,0.100976,0.177429
0.248909,0.384021,0.10472,0.0909646,0.171385
0.237301,0.39991,0.0977962,0.0969017,0.168091
0.241768,0.399744,0.0921429,0.0898831,0.176462
0.25341,0.40996,0.0930914,0.0782702,0.165268
0.252074,0.409222,0.0945085,0.0800368,0.164159
0.245025,0.393389,0.0977151,0.0903843,0.173487
0.244258,0.394488,0.0982859,0.0912139,0.171754
0.251164,0.391051,0.104942,0.0877971,0.165047
0.253522,0.387129,0.109385,0.0883173,0.161646
0.25884,0.395547,0.103273,0.083901,0.158438
0.259359,0.398438,0.101579,0.082669,0.157955
0.260807,0.391612,0.10482,0.085027,0.157735
0.259126,0.405029,0.102337,0.0830676,0.15044
0.254277,0.385711,0.109947,0.0887239,0.16134
0.257403,0.395898,0.107057,0.0865119,0.15313
0.264557,0.425109,0.0931538,0.0788728,0.138307
0.264662,0.409925,0.0986809,0.0803884,0.146344
0.269397,0.430208,0.0866768,0.0760278,0.13769
0.276367,0.438757,0.0714608,0.0755623,0.137853
0.28322,0.42559,0.0657688,0.0806656,0.144756
0.2699,0.430086,0.0806915,0.0794263,0.139896
0.273765,0.420685,0.0809184,0.0799901,0.144642
0.261815,0.411075,0.10073,0.0832413,0.143139
0.258977,0.404805,0.10527,0.0856865,0.145261
0.25695,0.392063,0.107493,0.0868925,0.156601
0.263615,0.386695,0.106663,0.0863663,0.15666
0.262166,0.389407,0.105615,0.0856055,0.157206
0.259922,0.386213,0.108019,0.0873419,0.158504
0.261502,0.39215,0.104326,0.0846693,0.157354
0.261577,0.388535,0.106263,0.0860742,0.157551
0.260377,0.392987,0.104203,0.0845786,0.157854
0.256854,0.399532,0.101717,0.0827656,0.159131
0.257385,0.430126,0.09209,0.0754827,0.144916
0.253604,0.404651,0.0995456,0.0815871,0.160613
0.25385,0.401968,0.10115,0.0825415,0.16049
0.251497,0.419233,0.0972415,0.0817526,0.150275
0.252845,0.43682,0.0928342,0.0782433,0.139257
0.251062,0.448087,0.0917103,0.0777745,0.131366
0.253281,0.433255,0.0942507,0.078411,0.140802
0.25207,0.418792,0.0987437,0.0824115,0.147983
0.259072,0.444919,0.0855515,0.0748058,0.135652
0.265968,0.416704,0.0860052,0.0785287,0.152793
0.279818,0.415931,0.07269,0.0783501,0.15321
0.309199,0.410746,0.04196,0.0786298,0.159466
0.295108,0.43543,0.0471622,0.0759449,0.146355
0.281171,0.451045,0.0581171,0.0754891,0.134178
0.293775,0.422868,0.0518207,0.0821879,0.149348
0.307142,0.42064,0.0410245,0.083872,0.147321
0.305496,0.409578,0.0476971,0.0861449,0.151084
0.313674,0.425126,0.0406514,0.0824229,0.138126
0.279359,0.437702,0.0581738,0.0842622,0.140503
0.276119,0.447667,0.0525304,0.0845882,0.139096
0.274131,0.454718,0.0507302,0.0830978,0.137324
0.264653,0.465862,0.0572732,0.0824158,0.129796
0.272323,0.426414,0.0744423,0.0858554,0.140965
0.281648,0.412718,0.0691221,0.0893747,0.147138
0.269901,0.441004,0.0738037,0.0808862,0.134405
0.257048,0.448761,0.0879233,0.0787591,0.127509
0.250541,0.459462,0.0885759,0.0803496,0.121072
0.250315,0.461975,0.0870003,0.0796788,0.121032
0.258565,0.478457,0.0710426,0.0732038,0.118731
0.270632,0.461909,0.0634433,0.0766689,0.127347
0.251648,0.46209,0.0860275,0.0767046,0.12353
0.260872,0.471188,0.0712,0.0715233,0.125217
0.264772,0.493394,0.0489754,0.0711,0.121758
0.250134,0.493535,0.0693302,0.0732787,0.113722
0.250116,0.495944,0.065406,0.0713463,0.117187
0.262754,0.494587,0.051623,0.0686258,0.12241
0.269332,0.504907,0.0420039,0.0665942,0.117163
0.250353,0.55542,0.0372037,0.0601167,0.0969066
0.246344,0.564818,0.0345262,0.0606083,0.0937041
0.270553,0.51057,0.0378852,0.065714,0.115278
0.274203,0.488407,0.0457994,0.0679226,0.123667
0.259882,0.469026,0.0709026,0.0754635,0.124726
0.25103,0.478428,0.0799935,0.0716018,0.118946
0.281176,0.459704,0.0500561,0.0739846,0.135079
0.285801,0.44106,0.0534296,0.0787934,0.140916
0.25615,0.43266,0.0955308,0.0801877,0.135472
0.274119,0.411736,0.0825979,0.0825868,0.14896
0.291115,0.36469,0.0715837,0.0899432,0.182668
0.303963,0.357323,0.0623383,0.0913567,0.185019
0.2823,0.403407,0.0762061,0.0823988,0.155688
0.28852,0.405418,0.0610977,0.085271,0.159694
0.273827,0.427743,0.0714624,0.0782738,0.148694
0.290577,0.413086,0.0572562,0.0835177,0.155563
0.268502,0.417431,0.0821213,0.0811975,0.150749
0.279076,0.43101,0.0645134,0.0791839,0.146217
0.28939,0.422181,0.0550287,0.0805977,0.152803
0.275786,0.430886,0.0669377,0.0819205,0.14447
0.267837,0.436656,0.0749998,0.0810652,0.139441
0.253845,0.408201,0.102052,0.0834904,0.152411
0.246119,0.389015,0.108786,0.0944005,0.16168
0.237925,0.400185,0.0948437,0.0988454,0.168201
0.236816,0.4012,0.101442,0.0999762,0.160565
0.242266,0.411767,0.10212,0.0926677,0.151178
0.240983,0.426092,0.098578,0.0919448,0.142402
0.244994,0.426226,0.100768,0.0907689,0.137243
0.251671,0.463494,0.0884695,0.0760694,0.120296
0.243444,0.458221,0.0895193,0.0822647,0.126551
0.241603,0.470065,0.085045,0.0820659,0.121221
0.243395,0.457608,0.0853758,0.0819376,0.131683
0.247579,0.491948,0.0781928,0.0680542,0.114225
0.254186,0.461846,0.0903793,0.0712609,0.122328
0.26053,0.475982,0.0696867,0.0675201,0.126281
0.254409,0.46306,0.0833497,0.0691216,0.13006
0.263433,0.462433,0.0731379,0.0692784,0.131717
0.2652,0.476385,0.0659059,0.0660904,0.126419
0.267943,0.457226,0.0716984,0.0716898,0.131442
0.269753,0.449094,0.0739409,0.0758304,0.131381
0.260667,0.43028,0.0898538,0.0796122,0.139586
0.261898,0.419493,0.0890288,0.0859857,0.143595
0.261497,0.448459,0.0832004,0.0785211,0.128323
0.26964,0.458302,0.0651887,0.0757991,0.13107
0.264562,0.470681,0.0659758,0.0733093,0.125472
0.258753,0.504687,0.0509692,0.0652589,0.120332
0.256112,0.527259,0.0439583,0.0609258,0.111746
0.251572,0.528058,0.0524418,0.0614459,0.106482
0.224599,0.600201,0.0460289,0.0550837,0.0740873
0.232707,0.598576,0.0398991,0.052845,0.0759731
0.217545,0.62601,0.0409692,0.0491458,0.0663298
0.247815,0.586661,0.0301135,0.0487515,0.0866596
0.245527,0.580722,0.0375247,0.0507567,0.0854701
0.256459,0.558157,0.0348146,0.0523279,0.098242
0.269019,0.536744,0.0314307,0.0558024,0.107003
0.251066,0.523796,0.0605159,0.0596898,0.104933
0.249059,0.506358,0.0718659,0.0622758,0.110441
0.24489,0.469413,0.0828389,0.0750186,0.12784
0.252508,0.419544,0.0917272,0.0766904,0.15953
0.248278,0.423897,0.093035,0.0804479,0.154342
0.252874,0.417892,0.0942937,0.0779699,0.156971
0.23675,0.403175,0.0943359,0.0972402,0.168498
0.247735,0.433138,0.0931862,0.0820554,0.143886
0.24065,0.405365,0.0977455,0.0927793,0.163461
0.231373,0.401722,0.0953054,0.101735,0.169864
0.246982,0.413682,0.0939329,0.0853792,0.160024
0.253963,0.420241,0.0944596,0.0779701,0.153367
0.254726,0.460456,0.0839704,0.0694334,0.131414
0.25633,0.450887,0.078709,0.0702748,0.1438
0.258257,0.457291,0.0780555,0.0722477,0.134149
0.256212,0.482268,0.0730341,0.0658615,0.122625
0.292649,0.440248,0.0514823,0.0720328,0.143588
0.274158,0.4471,0.0695076,0.072737,0.136498
0.270251,0.466668,0.0656556,0.0687018,0.128725
0.283922,0.454695,0.0542654,0.0724869,0.13463
0.274119,0.462006,0.0607888,0.0726188,0.130467
0.281497,0.454916,0.0566031,0.0759204,0.131063
0.28023,0.464948,0.0545309,0.0733083,0.126983
0.264608,0.48298,0.0628407,0.0701504,0.119421
0.265915,0.488079,0.0604785,0.0682235,0.117304
0.27376,0.485533,0.0514963,0.0701292,0.119081
0.249112,0.48474,0.0784141,0.0728984,0.114836
0.252587,0.455041,0.0892314,0.0775648,0.125577
0.254152,0.429363,0.100007,0.0827451,0.133732
0.253716,0.407514,0.104728,0.0855493,0.148493
0.250221,0.370969,0.117905,0.0962046,0.1647
0.251025,0.421652,0.09762,0.0841825,0.145521
0.250109,0.406591,0.102169,0.0869279,0.154203
0.254424,0.437201,0.0975163,0.0800891,0.13077
0.254229,0.435061,0.0945024,0.0780202,0.138188
0.248932,0.421428,0.0959265,0.0855847,0.148129
0.246571,0.514241,0.0655398,0.0633818,0.110267
0.235262,0.556933,0.0577845,0.0596409,0.0903794
0.243411,0.531339,0.062883,0.061759,0.100608
0.233605,0.559109,0.0578749,0.0605724,0.0888386
0.227438,0.599517,0.0396079,0.0548628,0.078574
0.229374,0.565191,0.0586383,0.0620195,0.0847767
0.244137,0.543545,0.0528745,0.062833,0.0966104
0.23114,0.563486,0.0588199,0.0605341,0.0860195
0.226798,0.569882,0.0583984,0.0625782,0.0823434
0.240183,0.529913,0.0588624,0.0684299,0.102612
0.250556,0.460187,0.0884303,0.0797692,0.121058
0.250983,0.46531,0.0859105,0.0771681,0.120628
0.24063,0.510222,0.0699026,0.0726429,0.106603
0.272882,0.490878,0.0450012,0.0717852,0.119454
0.278556,0.471034,0.0468311,0.0738694,0.12971
0.276493,0.47952,0.0463416,0.0702755,0.12737
0.252353,0.492375,0.0666819,0.0708734,0.117717
0.303115,0.413901,0.040896,0.0864334,0.155654
0.32165,0.410412,0.0274483,0.0859284,0.154561
0.338867,0.386683,0.0268527,0.0774374,0.17016
0.307987,0.422487,0.0320536,0.0808499,0.156622
0.313979,0.422472,0.0286971,0.0800477,0.154804
0.319137,0.410357,0.0283214,0.0817519,0.160433
0.30139,0.421519,0.041271,0.0846966,0.151124
0.286978,0.444456,0.0473453,0.0835692,0.137652
0.270955,0.457184,0.0578435,0.0830103,0.131007
0.280926,0.459517,0.0444136,0.0825129,0.132631
0.219668,0.544866,0.0700042,0.0806758,0.0847857
0.227858,0.483975,0.0891172,0.0918219,0.107228
0.205236,0.541976,0.0721162,0.0941012,0.0865708
0.217278,0.532103,0.0746336,0.0875465,0.0884396
0.221946,0.517052,0.0769011,0.0878279,0.0962732
0.218576,0.529002,0.0817221,0.0878655,0.0828345
0.22317,0.486513,0.089943,0.0975901,0.102784
0.23661,0.482388,0.0895584,0.0871359,0.104307
0.248096,0.485475,0.0695719,0.0829427,0.113915
0.249952,0.452422,0.0886116,0.086065,0.12295
0.261543,0.450467,0.0795578,0.0821372,0.126295
0.256545,0.455677,0.0838827,0.08168,0.122215
0.256525,0.457399,0.0842161,0.0765898,0.125269
0.261143,0.433805,0.0918259,0.0778162,0.13541
0.262409,0.423123,0.0916702,0.0771943,0.145603
0.258904,0.432274,0.0890611,0.0742308,0.14553
0.255026,0.434584,0.0859854,0.0741568,0.150247
0.25287,0.404527,0.0980324,0.0814751,0.163095
0.251774,0.390612,0.10689,0.0878299,0.162894
0.251032,0.382424,0.112619,0.0916413,0.162283
0.249487,0.403057,0.106221,0.0873693,0.153864
0.251561,0.410947,0.0768137,0.0899835,0.170695
0.245213,0.394653,0.086621,0.0951773,0.178336
0.239453,0.401269,0.0793588,0.0979104,0.182009
0.255246,0.395374,0.0652644,0.0995657,0.18455
0.241873,0.382009,0.0751617,0.103791,0.197165
0.246002,0.402531,0.074574,0.0963358,0.180557
0.262768,0.449189,0.0569807,0.0862895,0.144773
0.247369,0.496599,0.052123,0.0831011,0.120808
0.225534,0.548121,0.0498184,0.07611,0.100417
0.229589,0.489534,0.065388,0.0828343,0.132655
0.243137,0.447832,0.0859982,0.0826828,0.14035
0.235539,0.506046,0.076658,0.0760813,0.105675
0.245187,0.461384,0.0812976,0.0779056,0.134225
0.252603,0.452855,0.0908789,0.0778551,0.125807
0.248943,0.48802,0.0693069,0.0728531,0.120877
0.247774,0.486653,0.073228,0.072174,0.120171
0.250737,0.479171,0.076507,0.0742527,0.119333
0.257789,0.436889,0.0928728,0.0770674,0.135382
0.254528,0.410347,0.0987696,0.0805495,0.155805
0.254439,0.453644,0.0895356,0.0743407,0.128041
0.253794,0.4564,0.0887264,0.0737842,0.127295
0.251846,0.426868,0.0992089,0.0818191,0.140258
0.254406,0.452663,0.0907777,0.0749376,0.127216
0.253476,0.457816,0.0900388,0.0754275,0.123242
0.254291,0.435841,0.0956791,0.078843,0.135346
0.252663,0.442331,0.095246,0.0782295,0.131531
0.245082,0.427312,0.0895405,0.0849849,0.153081
0.240547,0.479107,0.0646563,0.082663,0.133027
0.254942,0.478687,0.0664273,0.0775605,0.122383
0.254692,0.455637,0.0714659,0.0825745,0.13563
0.264895,0.440574,0.0754523,0.0846679,0.13441
0.2626,0.445735,0.0767659,0.0821648,0.132735
0.253216,0.43301,0.100582,0.0841338,0.129058
0.2145,0.519399,0.063781,0.0933972,0.108923
0.223651,0.499904,0.0526173,0.100666,0.123162
0.210864,0.507294,0.0655864,0.108423,0.107833
0.212303,0.524559,0.080663,0.0939665,0.0885091
0.221768,0.523765,0.0827437,0.0848257,0.0868978
0.197626,0.597623,0.0663872,0.0786284,0.0597351
0.186149,0.626428,0.0600371,0.0760413,0.0513443
0.197504,0.591195,0.0599703,0.0812496,0.070081
0.203533,0.57006,0.0617059,0.0824486,0.0822525
0.200332,0.593807,0.063452,0.0777237,0.0646856
0.254322,0.447867,0.0873958,0.0751645,0.135251
0.259809,0.434129,0.0836254,0.0745765,0.14786
0.257601,0.45976,0.0836688,0.0707413,0.128229
0.254356,0.455929,0.0891666,0.0738864,0.126662
0.254396,0.436811,0.0950169,0.0782726,0.135504
0.253804,0.429026,0.0947112,0.0784612,0.143997
0.25443,0.452959,0.089607,0.0733211,0.129683
0.251525,0.400852,0.101542,0.0844343,0.161646
0.253183,0.454485,0.0920305,0.0773481,0.122953
0.25225,0.503968,0.0644997,0.066403,0.112879
0.243345,0.517906,0.0655221,0.0647802,0.108447
0.263378,0.515694,0.0430995,0.0657637,0.112064
0.259337,0.510358,0.0464835,0.0664818,0.11734
0.240872,0.534631,0.0581031,0.0639508,0.102443
0.245634,0.537326,0.0510471,0.0630647,0.102928
0.239581,0.558789,0.0436724,0.0619059,0.096051
0.218593,0.59152,0.0535012,0.0608011,0.0755855
0.227726,0.577727,0.0519453,0.0599033,0.0826987
0.228296,0.564796,0.0626609,0.0632953,0.080952
0.230389,0.506475,0.0842419,0.0821863,0.0967073
0.237059,0.504766,0.0843108,0.0774711,0.0963924
0.229125,0.468112,0.0927934,0.0935785,0.116392
0.222578,0.482901,0.0922723,0.0961846,0.106065
0.236568,0.469179,0.0947166,0.0882142,0.111322
0.252128,0.431559,0.100881,0.0839253,0.131507
0.254253,0.411393,0.101435,0.0828105,0.150109
0.26409,0.406944,0.103404,0.0806952,0.144867
0.270545,0.401318,0.0980625,0.0844678,0.145607
0.262598,0.417679,0.107499,0.0809955,0.131228
0.279972,0.405973,0.0783268,0.082263,0.153465
0.286373,0.396968,0.0708573,0.081785,0.164017
0.28627,0.404939,0.0685656,0.081215,0.15901
0.283885,0.405264,0.0721138,0.0798161,0.15892
0.276739,0.40932,0.0765554,0.0803893,0.156997
0.258732,0.428053,0.091776,0.0795413,0.141898
0.223365,0.447186,0.100012,0.109296,0.120142
0.209798,0.496014,0.0859162,0.10959,0.0986816
0.226209,0.505194,0.0828304,0.0887037,0.0970626
0.230165,0.496852,0.0832132,0.0880393,0.10173
0.228911,0.502555,0.0862452,0.0878218,0.0944675
0.236037,0.438428,0.101016,0.0985747,0.125944
0.243034,0.426789,0.0840671,0.0905771,0.155533
0.243635,0.42696,0.101854,0.0928939,0.134657
0.239251,0.439526,0.101914,0.0946728,0.124637
0.236324,0.446648,0.0991553,0.0950542,0.122819
0.253356,0.46061,0.0850857,0.0744741,0.126475
0.251624,0.43173,0.096836,0.0809567,0.138853
0.234733,0.436404,0.0901437,0.096121,0.142599
0.233375,0.418926,0.0850391,0.101017,0.161644
0.221433,0.468719,0.0894716,0.102807,0.11757
0.205836,0.530777,0.0816024,0.0987601,0.0830238
0.205268,0.487332,0.0853843,0.11567,0.106346
0.205324,0.508262,0.0864147,0.107239,0.09276
0.213977,0.461136,0.096607,0.11266,0.115619
0.230338,0.426049,0.105134,0.104231,0.134248
0.218102,0.404411,0.105295,0.122618,0.149574
0.233292,0.397208,0.109644,0.106032,0.153823
0.244809,0.367335,0.128715,0.104315,0.154826
0.248021,0.379856,0.121612,0.0969798,0.153531
0.259317,0.386792,0.11885,0.107759,0.127282
0.250059,0.370925,0.126758,0.110265,0.141993
0.257318,0.39208,0.117879,0.101836,0.130887
0.259069,0.382506,0.12051,0.108964,0.128951
0.223246,0.350066,0.130524,0.136703,0.159461
0.193684,0.360926,0.0921452,0.229161,0.124084
0.195925,0.347406,0.0824749,0.257642,0.116553
0.187613,0.368872,0.0811776,0.246989,0.115349
0.14948,0.353386,0.0496122,0.372408,0.0751131
0.167083,0.242478,0.0317332,0.484611,0.074095
0.158893,0.252331,0.0328494,0.485391,0.0705358
0.172497,0.3199,0.057231,0.358017,0.0923546
0.158145,0.285346,0.0415828,0.439243,0.0756826
0.186601,0.278636,0.053035,0.385843,0.0958844
0.211584,0.397806,0.0973698,0.147531,0.14571
0.224185,0.390441,0.112447,0.120538,0.15239
0.21587,0.436837,0.0975427,0.118429,0.131321
0.227882,0.395544,0.103994,0.113963,0.158617
0.24226,0.360907,0.106527,0.104779,0.185528
0.254356,0.38868,0.108293,0.0875305,0.161141
0.274798,0.401773,0.0827459,0.0842957,0.156387
0.260956,0.408679,0.0978079,0.0852707,0.147287
0.257183,0.404375,0.106523,0.0876434,0.144275
0.253058,0.405717,0.108899,0.0891109,0.143216
0.253989,0.426758,0.102211,0.0841037,0.132938
0.253008,0.453862,0.0916735,0.0777396,0.123717
0.281082,0.471544,0.0504999,0.0720184,0.124856
0.25782,0.476697,0.0683136,0.0729796,0.124189
0.254431,0.485196,0.0673984,0.0713965,0.121578
0.249975,0.468596,0.0874424,0.077102,0.116885
0.240022,0.465588,0.0958843,0.0866673,0.111839
0.237141,0.488002,0.0899387,0.0827376,0.102181
0.225897,0.497558,0.0878795,0.0885624,0.100102
0.241988,0.496349,0.0825743,0.0754191,0.10367
0.245204,0.490912,0.0692549,0.0732024,0.121427
0.243774,0.482625,0.072357,0.0778395,0.123404
0.237925,0.455744,0.0831341,0.0886423,0.134554
0.234225,0.466884,0.0800757,0.0883119,0.130503
0.225529,0.497647,0.0811745,0.0904417,0.105207
0.237471,0.481597,0.082716,0.08426,0.113956
0.235616,0.4578,0.100784,0.0944882,0.111313
0.248437,0.426882,0.105522,0.09095,0.128209
0.253529,0.413528,0.106866,0.0882932,0.137784
0.238745,0.383594,0.115306,0.105975,0.15638
0.23024,0.423797,0.104216,0.105803,0.135943
0.237301,0.374334,0.105418,0.104321,0.178626
0.239214,0.399629,0.0968127,0.098084,0.16626
0.242459,0.377641,0.107807,0.0992243,0.172869
0.241284,0.377034,0.103746,0.0988724,0.179063
0.242974,0.378457,0.10727,0.098385,0.172913
0.254325,0.456486,0.0928285,0.0707925,0.125569
0.252991,0.409423,0.0998364,0.0825314,0.155219
0.25203,0.39717,0.108581,0.0867178,0.155501
0.254293,0.453615,0.0888863,0.0744133,0.128792
0.254406,0.453903,0.0885556,0.0740209,0.129115
0.254505,0.480545,0.0722151,0.0713275,0.121407
0.270323,0.446764,0.0723915,0.0744712,0.136051
0.287847,0.436618,0.0542457,0.0773746,0.143914
0.285983,0.420164,0.0631131,0.0808532,0.149887
0.281014,0.412043,0.0716516,0.0822567,0.153035
0.249729,0.383447,0.0978924,0.0963733,0.172559
0.262683,0.411596,0.0906367,0.0813223,0.153762
0.257079,0.41637,0.081527,0.082203,0.162821
0.249494,0.378384,0.0949489,0.0895708,0.187603
0.248598,0.372368,0.0992792,0.0935908,0.186164
0.254783,0.378037,0.104605,0.0904306,0.172144
0.253149,0.391931,0.106457,0.0865755,0.161887
0.235152,0.367647,0.106081,0.108117,0.183003
0.242242,0.389711,0.101761,0.0974105,0.168876
0.254397,0.411765,0.101587,0.0828209,0.149431
0.259946,0.390356,0.101893,0.0842967,0.163508
0.2645,0.40894,0.0945948,0.0775642,0.154401
0.278339,0.386937,0.0812115,0.0820404,0.171472
0.28028,0.382389,0.0795181,0.0831517,0.174662
0.28636,0.382012,0.0719522,0.082668,0.177009
0.264797,0.401808,0.0945654,0.0801363,0.158693
0.259698,0.392907,0.101401,0.0836425,0.162352
0.268865,0.40219,0.0886208,0.0789114,0.161413
0.262983,0.405823,0.0966463,0.0790687,0.155478
0.254499,0.391711,0.100849,0.0845808,0.168361
0.243881,0.425802,0.0991932,0.0917721,0.139351
0.239025,0.436439,0.0982805,0.0963765,0.129879
0.237999,0.446866,0.097267,0.0944577,0.12341
0.23292,0.470218,0.0926139,0.0935039,0.110745
0.232041,0.48362,0.0912671,0.0901921,0.10288
0.245648,0.451308,0.0934996,0.0857454,0.1238
0.239572,0.45855,0.0954408,0.0891872,0.117249
0.253497,0.443294,0.0956826,0.0802265,0.1273
0.254026,0.457869,0.0887005,0.0739427,0.125461
0.251115,0.437093,0.0915736,0.0803281,0.13989
0.238402,0.481919,0.0689667,0.0771641,0.133549
0.237354,0.483099,0.0735784,0.0771403,0.128828
0.241903,0.467646,0.0681025,0.0813005,0.141048
0.251591,0.469494,0.0588394,0.0823728,0.137703
0.259007,0.457909,0.060526,0.0831261,0.139432
0.260551,0.460682,0.0588086,0.0818151,0.138143
0.241024,0.422617,0.0800657,0.090718,0.165576
0.223771,0.47366,0.0817561,0.0949819,0.125831
0.240686,0.42661,0.10339,0.0948811,0.134433
0.252356,0.431089,0.100445,0.083881,0.13223
0.250796,0.378726,0.113509,0.0931538,0.163815
0.24927,0.376243,0.114655,0.0953461,0.164486
0.249298,0.377259,0.114353,0.0952478,0.163842
0.249764,0.379753,0.113249,0.0942193,0.163014
0.249797,0.379633,0.11229,0.0938921,0.164388
0.257013,0.397543,0.106485,0.0860904,0.152868
0.272349,0.423727,0.0775166,0.080851,0.145556
0.268208,0.4068,0.0868263,0.0827999,0.155366
0.254722,0.436529,0.0964509,0.0793118,0.132987
0.268011,0.440574,0.0725955,0.0799407,0.138878
0.287718,0.434745,0.0535613,0.0776769,0.146299
0.274671,0.448823,0.0633693,0.07582,0.137317
0.270107,0.443803,0.0711355,0.0760015,0.138953
0.266351,0.441514,0.0826937,0.0756379,0.133804
0.259337,0.443445,0.0884376,0.0765681,0.132213
0.254625,0.425809,0.0978058,0.0801196,0.141641
0.253577,0.402972,0.102651,0.0839479,0.156852
0.240408,0.523159,0.0611111,0.0633774,0.111945
0.24408,0.530809,0.0544922,0.0564204,0.114199
0.243264,0.520024,0.0534467,0.0586169,0.124648
0.235609,0.54514,0.0494798,0.0567906,0.112981
0.24674,0.505797,0.0555887,0.0608653,0.131009
0.24362,0.532112,0.054592,0.0570013,0.112675
0.246414,0.549993,0.0475997,0.0523892,0.103605
0.226975,0.597094,0.0420341,0.0489548,0.0849418
0.24793,0.567171,0.0401531,0.0496606,0.0950855
0.236515,0.586537,0.0422494,0.0482077,0.0864907
0.281486,0.461173,0.0518279,0.0713689,0.134144
0.253486,0.45442,0.0879892,0.07772,0.126385
0.253933,0.426074,0.10039,0.0838548,0.135749
0.267663,0.452216,0.0751768,0.0774552,0.127489
0.314658,0.462304,0.0341709,0.0719862,0.116882
0.287244,0.489272,0.0423881,0.0667838,0.114312
0.264736,0.489417,0.0601593,0.0691365,0.116551
0.298139,0.460569,0.0502655,0.0717642,0.119262
0.268849,0.491059,0.0607099,0.0672245,0.112157
0.268003,0.489034,0.063023,0.0668967,0.113043
0.280091,0.489263,0.0548966,0.0661735,0.109576
0.373676,0.455612,0.020459,0.0704469,0.0798065
0.346936,0.477583,0.0236626,0.0637572,0.0880607
0.300718,0.491856,0.0384944,0.0649205,0.104011
0.253622,0.504592,0.0704115,0.0641908,0.107184
0.266921,0.479774,0.0632164,0.0708086,0.119279
0.268916,0.497218,0.0557012,0.0661177,0.112047
0.260432,0.491156,0.0648387,0.0658646,0.117708
0.268191,0.456009,0.0711416,0.07149,0.133168
0.267719,0.442632,0.0783784,0.0741295,0.137141
0.26629,0.446996,0.0800793,0.0736587,0.132976
0.245844,0.373998,0.110652,0.0979555,0.171551
0.253122,0.397042,0.103508,0.0846538,0.161674
0.248357,0.38136,0.106671,0.0927318,0.170881
0.251774,0.383172,0.111181,0.0906182,0.163255
0.247882,0.379021,0.112876,0.0957335,0.164487
0.246419,0.375049,0.114884,0.0984438,0.165205
0.248103,0.373159,0.116307,0.0975217,0.164909
0.247991,0.376647,0.117178,0.0986095,0.159575
0.248194,0.397416,0.113258,0.0968493,0.144283
