AAPL,NVDA,TSLA
0,0,0
0,0,0
0,0,0
0,0,0
0,0,0
0,0,0
0,0,0
0,0,0
0,0,0
0.0977717,0.708877,0.193352
0.101792,0.701804,0.196404
0.111535,0.667077,0.221388
0.13142,0.626375,0.242206
0.227267,0.467355,0.305379
0.277439,0.352292,0.37027
0.181984,0.539516,0.2785
0.226305,0.472406,0.301289
0.231037,0.464018,0.304946
0.159451,0.574261,0.266289
0.153636,0.583472,0.262892
0.179673,0.536175,0.284151
0.140891,0.607775,0.251334
0.172687,0.548573,0.27874
0.207574,0.488636,0.30379
0.164782,0.562854,0.272363
0.142536,0.604594,0.252871
0.120382,0.648678,0.230941
0.128918,0.631369,0.239713
0.12987,0.629464,0.240666
0.114518,0.660818,0.224664
0.0997186,0.692449,0.207832
0.0885937,0.717262,0.194144
0.0858472,0.723539,0.190614
0.0883508,0.717815,0.193835
0.0918997,0.709788,0.198312
0.0824979,0.73128,0.186222
0.0832768,0.729471,0.187252
0.0853906,0.724589,0.190021
0.0749538,0.749089,0.175957
0.0932254,0.706815,0.199959
0.103027,0.685248,0.211725
0.0861035,0.72295,0.190946
0.0917047,0.710226,0.198069
0.0943999,0.704193,0.201407
0.107033,0.676631,0.216336
0.142992,0.603713,0.253295
0.13312,0.623,0.24388
0.119636,0.65021,0.230154
0.131872,0.625475,0.242653
0.131533,0.626149,0.242318
0.13392,0.621418,0.244662
0.13464,0.619998,0.245362
0.126001,0.637236,0.236763
0.124034,0.641221,0.234745
0.119397,0.650701,0.229902
0.121782,0.650709,0.227509
0.122091,0.645177,0.232732
0.119354,0.65079,0.229856
0.123854,0.651136,0.22501
0.122011,0.665402,0.212587
0.114572,0.682035,0.203393
0.116419,0.659232,0.224349
0.106343,0.678109,0.215549
0.105911,0.679033,0.215055
0.0964236,0.6997,0.203876
0.0992044,0.693576,0.20722
0.0904869,0.712971,0.196542
0.112055,0.665982,0.221963
0.127244,0.634731,0.238025
0.139202,0.611058,0.249741
0.151897,0.586741,0.261362
0.144131,0.60152,0.254349
0.140038,0.609431,0.250531
0.12642,0.636391,0.237189
0.1466,0.596789,0.256611
0.149363,0.59153,0.259107
0.153784,0.583194,0.263022
0.127056,0.635109,0.237835
0.121444,0.646501,0.232055
0.122734,0.643865,0.233401
0.102877,0.685573,0.21155
0.101062,0.689515,0.209422
0.103104,0.685083,0.211814
0.102177,0.687092,0.210731
0.0938251,0.705475,0.2007
0.0849719,0.725553,0.189475
0.0844222,0.726821,0.188757
0.0916469,0.710356,0.197997
0.0914359,0.710831,0.197733
0.131338,0.626537,0.242125
0.135636,0.618037,0.246328
0.15092,0.588583,0.260496
0.123758,0.641782,0.234461
0.265854,0.352609,0.381536
0.280405,0.35155,0.368045
0.272332,0.355348,0.37232
0.256621,0.355266,0.388112
0.257403,0.35509,0.387507
0.262738,0.356347,0.380915
0.142884,0.603922,0.253195
0.215826,0.483388,0.300786
0.269597,0.358258,0.372145
0.25907,0.355273,0.385658
0.143548,0.602641,0.253811
0.200954,0.51726,0.281785
0.131298,0.626618,0.242084
0.130247,0.628711,0.241042
0.108938,0.672572,0.21849
0.107676,0.675259,0.217065
0.0961212,0.700369,0.203509
0.106985,0.676735,0.21628
0.0963201,0.70095,0.20273
0.101472,0.699612,0.198916
0.0989992,0.701911,0.19909
0.0986385,0.709263,0.192098
0.101866,0.69576,0.202374
0.111686,0.700322,0.187992
0.109689,0.670979,0.219332
0.106551,0.677663,0.215786
0.114588,0.660672,0.22474
0.114581,0.660686,0.224733
0.11484,0.660145,0.225014
0.111511,0.667128,0.221361
0.104519,0.682026,0.213455
0.11418,0.664846,0.220975
0.10685,0.680489,0.212661
0.103544,0.68413,0.212326
0.100698,0.694104,0.205198
0.0978766,0.712574,0.189549
0.105549,0.708031,0.186419
0.1056,0.708902,0.185498
0.103323,0.723449,0.173229
0.0814893,0.781706,0.136805
0.0816676,0.777169,0.141164
0.0745359,0.765424,0.16004
0.0787793,0.772005,0.149215
0.0557128,0.846373,0.0979139
0.0584361,0.839362,0.102202
0.0633347,0.828688,0.107977
0.0640633,0.821337,0.1146
0.0633767,0.825756,0.110867
0.0688009,0.811179,0.12002
0.0852822,0.758781,0.155937
0.0824922,0.773363,0.144145
0.0877296,0.748605,0.163666
0.0837931,0.755298,0.160909
0.0944659,0.704046,0.201488
0.0907534,0.71237,0.196877
0.0912502,0.71125,0.1975
0.0983333,0.695488,0.206179
0.0883597,0.717794,0.193846
0.0944385,0.704107,0.201454
0.100807,0.690262,0.208932
0.116719,0.656237,0.227044
0.119165,0.651179,0.229656
0.127553,0.634109,0.238338
0.130502,0.628203,0.241295
0.127002,0.635218,0.237781
0.130304,0.628597,0.241099
0.142381,0.604892,0.252727
0.162661,0.566734,0.270605
0.11435,0.66117,0.224481
0.109253,0.671904,0.218843
0.103928,0.683302,0.212771
0.105609,0.679683,0.214708
0.0970781,0.698253,0.204668
0.0975678,0.697173,0.205259
0.113928,0.662052,0.22402
0.120135,0.649185,0.230681
0.131153,0.626906,0.241941
0.137469,0.614441,0.24809
0.199015,0.502895,0.29809
0.218303,0.476997,0.3047
0.223986,0.472016,0.303998
0.212186,0.48871,0.299104
0.22271,0.471533,0.305757
0.21419,0.481461,0.304349
0.183568,0.529353,0.287079
0.168118,0.556795,0.275087
0.131609,0.625998,0.242393
0.122745,0.643842,0.233412
0.118755,0.652024,0.229221
0.124357,0.640564,0.235079
0.114229,0.661423,0.224349
0.104027,0.683087,0.212886
0.091455,0.710788,0.197757
0.0949275,0.703019,0.202054
0.0902743,0.713452,0.196274
0.0957554,0.70118,0.203064
0.11601,0.65771,0.226281
0.180283,0.540465,0.279252
0.141292,0.606998,0.25171
0.140983,0.607596,0.251421
0.19049,0.528532,0.280978
0.2049,0.510595,0.284505
0.275228,0.37367,0.351102
0.203295,0.51196,0.284746
0.155484,0.580014,0.264502
0.121938,0.64549,0.232572
0.108818,0.672827,0.218355
0.0871783,0.720489,0.192333
0.0835436,0.728853,0.187603
0.08916,0.715976,0.194865
0.0955918,0.701543,0.202865
0.0953786,0.702016,0.202605
0.111133,0.667925,0.220942
0.107439,0.675765,0.216796
0.105509,0.679896,0.214595
0.106355,0.678081,0.215563
0.102426,0.686552,0.211023
0.11234,0.665382,0.222278
0.117974,0.653637,0.228389
0.118602,0.652339,0.229058
0.113776,0.66237,0.223854
0.110019,0.670279,0.219702
0.0941986,0.704642,0.201159
0.094323,0.704365,0.201312
0.102617,0.686136,0.211247
0.0962676,0.700045,0.203687
0.0947903,0.703324,0.201886
0.124357,0.640565,0.235078
0.122094,0.645172,0.232734
0.1077,0.675207,0.217093
0.103525,0.684171,0.212304
0.121474,0.646438,0.232087
0.116676,0.656325,0.226999
0.114535,0.660783,0.224682
0.107159,0.676362,0.216479
0.134606,0.620064,0.24533
0.136535,0.61627,0.247195
0.0936248,0.705923,0.200453
0.101271,0.68906,0.209668
0.103127,0.685032,0.211841
0.10591,0.679037,0.215054
0.104886,0.681237,0.213877
0.110324,0.669634,0.220042
0.106984,0.676737,0.216279
0.1149,0.660021,0.225079
0.110332,0.669617,0.220051
0.11791,0.653769,0.228321
0.134587,0.620101,0.245312
0.134849,0.619586,0.245565
0.123414,0.64248,0.234105
0.126439,0.636351,0.237209
0.115657,0.658444,0.2259
0.115817,0.658111,0.226072
0.135307,0.618684,0.24601
0.130871,0.627468,0.241661
0.126983,0.635256,0.237761
0.131196,0.62682,0.241984
0.139272,0.61092,0.249807
0.138945,0.611558,0.249497
0.138814,0.611814,0.249372
0.13413,0.621004,0.244866
0.13469,0.619898,0.245412
0.159197,0.573114,0.267689
0.148547,0.59308,0.258373
0.161695,0.568509,0.269797
0.161863,0.568198,0.269938
0.162232,0.567521,0.270247
0.149396,0.591468,0.259136
0.153151,0.584381,0.262467
0.169958,0.553472,0.27657
0.178232,0.538716,0.283052
0.194639,0.510296,0.295066
0.170809,0.551941,0.27725
0.186159,0.524848,0.288993
0.155061,0.580804,0.264135
0.15268,0.585267,0.262053
0.157222,0.576777,0.266002
0.16757,0.557786,0.274644
0.156348,0.578402,0.26525
0.150042,0.590244,0.259714
0.139166,0.611128,0.249706
0.117691,0.654222,0.228087
0.111281,0.667612,0.221107
0.0984096,0.69532,0.20627
0.110218,0.669858,0.219924
0.112435,0.665183,0.222382
0.111218,0.667745,0.221037
0.100727,0.690246,0.209027
0.100654,0.690406,0.20894
0.0929578,0.707414,0.199628
0.106638,0.677476,0.215886
0.109157,0.672106,0.218736
0.12546,0.63833,0.23621
0.136117,0.617092,0.246792
0.129874,0.629456,0.24067
0.109313,0.671776,0.218911
0.103218,0.684834,0.211947
0.09829,0.695583,0.206127
0.10468,0.681679,0.213641
0.11658,0.656524,0.226896
0.107067,0.676558,0.216374
0.107272,0.676122,0.216607
0.102688,0.685983,0.211329
0.0981895,0.695804,0.206006
0.100023,0.691784,0.208193
0.102745,0.685858,0.211396
0.108359,0.673804,0.217837
0.100874,0.689927,0.2092
0.0951267,0.702576,0.202297
0.0892189,0.715842,0.194939
0.086025,0.723131,0.190844
0.0844008,0.72687,0.188729
0.0850429,0.725389,0.189568
0.0880404,0.72054,0.191419
0.0931047,0.707086,0.19981
0.110333,0.669615,0.220052
0.118593,0.65236,0.229048
0.13666,0.616025,0.247315
0.15207,0.586416,0.261515
0.157503,0.577051,0.265446
0.154628,0.581614,0.263758
0.148572,0.593031,0.258396
0.161599,0.568685,0.269716
0.159368,0.572799,0.267834
0.153339,0.584029,0.262632
0.144028,0.601718,0.254254
0.10234,0.686738,0.210922
0.0990285,0.693961,0.20701
0.0880186,0.718571,0.19341
0.0786412,0.740318,0.18104
0.0947018,0.703521,0.201777
0.098041,0.696131,0.205828
0.10389,0.683384,0.212727
0.0935618,0.706063,0.200375
0.0989524,0.694128,0.206919
0.102459,0.686479,0.211062
0.121452,0.646485,0.232064
0.100807,0.690071,0.209122
0.114177,0.66153,0.224292
0.124299,0.640683,0.235018
0.118015,0.653552,0.228433
0.107102,0.676485,0.216413
0.104802,0.681418,0.21378
0.107463,0.675714,0.216823
0.100772,0.690147,0.20908
0.104679,0.681681,0.21364
0.116605,0.656472,0.226923
0.140542,0.608451,0.251006
0.163734,0.564769,0.271497
0.13641,0.616516,0.247074
0.121503,0.64638,0.232117
0.115344,0.659096,0.225561
0.126266,0.636701,0.237033
0.13222,0.624785,0.242995
0.149087,0.592054,0.258859
0.13416,0.620943,0.244896
0.132849,0.623537,0.243614
0.177347,0.552601,0.270052
0.102583,0.686211,0.211206
0.102523,0.68634,0.211137
0.0861924,0.722747,0.191061
0.0851906,0.725049,0.18976
0.0843679,0.726946,0.188686
0.0960353,0.70056,0.203405
0.0993056,0.693354,0.20734
0.0949911,0.702878,0.202131
0.0879844,0.718649,0.193367
0.094554,0.706069,0.199377
0.0964079,0.699735,0.203857
0.101681,0.688168,0.21015
0.123032,0.643258,0.23371
0.121012,0.647384,0.231603
0.122406,0.644534,0.23306
0.120928,0.647556,0.231515
0.119279,0.650945,0.229776
0.127043,0.635135,0.237822
0.13289,0.623457,0.243654
0.134712,0.619855,0.245433
0.125686,0.637874,0.236441
0.122894,0.64354,0.233566
0.127162,0.634895,0.237943
0.129542,0.630121,0.240338
0.112475,0.665098,0.222427
0.11866,0.652221,0.229119
0.121303,0.646789,0.231908
0.121992,0.645379,0.232628
0.122143,0.645072,0.232785
0.12206,0.645241,0.232699
0.124226,0.640831,0.234943
0.117018,0.655616,0.227366
0.110993,0.668221,0.220787
0.114705,0.660428,0.224867
0.120381,0.64868,0.23094
0.116386,0.656927,0.226687
0.115686,0.658384,0.225931
0.11382,0.662278,0.223902
0.12777,0.638594,0.233636
0.122426,0.644494,0.23308
0.117883,0.653825,0.228292
0.112084,0.66592,0.221996
0.113518,0.66291,0.223572
0.107991,0.674587,0.217422
0.0990317,0.693955,0.207014
0.119388,0.650721,0.229891
0.116963,0.655729,0.227307
0.116834,0.655999,0.227168
0.248263,0.433946,0.317791
0.117394,0.654837,0.227769
0.118912,0.651701,0.229387
0.119534,0.650421,0.230046
0.126126,0.636984,0.23689
0.140776,0.607998,0.251226
0.152362,0.585866,0.261772
0.117094,0.655458,0.227448
0.128235,0.632739,0.239026
0.130761,0.627687,0.241552
0.128003,0.633205,0.238792
0.13457,0.620135,0.245295
0.129082,0.63104,0.239878
0.138528,0.61237,0.249101
0.158002,0.575328,0.26667
0.153938,0.582906,0.263156
0.149891,0.59053,0.259579
0.157952,0.57542,0.266628
0.14194,0.605744,0.252316
0.151083,0.588277,0.26064
0.15951,0.572536,0.267954
0.15514,0.580656,0.264204
0.166826,0.559135,0.274039
0.161695,0.568508,0.269797
0.144616,0.600588,0.254796
0.136319,0.616695,0.246987
0.134346,0.620577,0.245077
0.139923,0.609654,0.250423
0.146704,0.596591,0.256705
0.155031,0.58086,0.264109
0.150341,0.589678,0.259981
0.166989,0.55884,0.274171
0.151387,0.587702,0.260911
0.156882,0.577409,0.265709
0.166427,0.55986,0.273713
0.181181,0.533526,0.285293
0.179152,0.537093,0.283755
0.162842,0.566403,0.270755
0.142175,0.605289,0.252535
0.143217,0.60328,0.253504
0.140295,0.608931,0.250773
0.114494,0.660869,0.224638
0.114378,0.661111,0.224511
0.105425,0.680077,0.214498
0.108198,0.674147,0.217655
0.114001,0.661898,0.224101
0.114301,0.661273,0.224427
0.122243,0.644867,0.23289
0.128482,0.632242,0.239275
0.122679,0.643977,0.233344
0.115401,0.658976,0.225623
0.110205,0.669886,0.219909
0.113646,0.662642,0.223712
0.109084,0.672262,0.218654
0.114071,0.661752,0.224177
0.105837,0.679193,0.21497
0.100273,0.691238,0.208489
0.0949958,0.702867,0.202137
0.093206,0.706859,0.199935
0.0966543,0.69919,0.204156
0.124014,0.641261,0.234725
0.134603,0.620069,0.245327
0.13091,0.62739,0.2417
0.134781,0.619719,0.2455
0.112198,0.665681,0.222121
0.120453,0.648531,0.231016
0.123126,0.643067,0.233807
0.122975,0.643373,0.233651
0.123457,0.642394,0.23415
0.113181,0.663616,0.223203
0.0909335,0.711963,0.197103
0.0980246,0.696167,0.205808
0.0830421,0.730016,0.186942
0.0872594,0.720304,0.192437
0.0906304,0.712647,0.196722
0.0851077,0.72524,0.189652
0.0771162,0.74393,0.178954
0.086982,0.720938,0.19208
0.10018,0.691441,0.208379
0.106267,0.678272,0.215462
0.109672,0.671015,0.219313
0.103458,0.684316,0.212226
0.11303,0.663933,0.223037
0.130107,0.628992,0.240902
0.137295,0.614781,0.247924
0.13392,0.621417,0.244662
0.142542,0.60458,0.252877
0.138955,0.611538,0.249507
0.108348,0.673826,0.217825
0.106129,0.678567,0.215304
0.112222,0.665631,0.222147
0.113559,0.662823,0.223617
0.111248,0.667682,0.22107
0.107556,0.675514,0.216929
0.107321,0.676017,0.216662
0.109259,0.67189,0.218851
0.111704,0.66672,0.221576
0.117327,0.654975,0.227698
0.111644,0.666847,0.221509
0.116338,0.657026,0.226635
0.100154,0.691497,0.208349
0.104281,0.68254,0.213179
0.127885,0.633441,0.238674
0.103696,0.683803,0.212502
0.0956909,0.701323,0.202986
0.0884567,0.717574,0.19397
0.0891975,0.71589,0.194912
0.0941025,0.704856,0.201041
0.101094,0.689446,0.20946
0.113507,0.662933,0.22356
0.110696,0.668846,0.220457
0.117863,0.653866,0.228271
0.121539,0.646305,0.232155
0.126807,0.63561,0.237583
0.14251,0.604642,0.252848
0.162881,0.56633,0.270788
0.194292,0.520662,0.285046
0.157698,0.575891,0.26641
0.132727,0.623779,0.243494
0.121048,0.647311,0.231641
0.120115,0.649226,0.230659
0.102699,0.685958,0.211342
0.0988347,0.694387,0.206779
0.0820545,0.732313,0.185633
0.0863996,0.725135,0.188465
0.0868593,0.730315,0.182825
0.10041,0.714573,0.185017
0.0996569,0.722359,0.177984
0.106571,0.685068,0.208361
0.10416,0.68598,0.20986
0.104303,0.701392,0.194305
0.103898,0.689034,0.207067
0.0962459,0.700093,0.203661
0.114638,0.660568,0.224794
0.110923,0.668368,0.220709
0.110355,0.669568,0.220077
0.112671,0.664687,0.222642
0.106665,0.677419,0.215916
0.111063,0.668072,0.220865
0.115699,0.658355,0.225946
0.116892,0.655878,0.22723
0.123797,0.641701,0.234502
0.116656,0.656368,0.226977
0.130403,0.6284,0.241197
0.145652,0.598602,0.255746
0.127851,0.63351,0.238639
0.132455,0.624318,0.243227
0.132042,0.625138,0.24282
0.128748,0.631709,0.239543
0.127443,0.634329,0.238228
0.120887,0.647641,0.231472
0.137236,0.614897,0.247867
0.138234,0.612944,0.248821
0.122023,0.645316,0.232661
0.129283,0.630637,0.240079
0.125298,0.638658,0.236044
0.114048,0.6618,0.224152
0.115357,0.659068,0.225575
0.12916,0.630884,0.239956
0.133728,0.621797,0.244475
0.163855,0.567696,0.268449
0.12528,0.638694,0.236026
0.125504,0.638241,0.236255
0.129549,0.630105,0.240345
0.112158,0.665766,0.222076
0.124836,0.639593,0.235571
0.111844,0.666425,0.22173
0.108587,0.673319,0.218094
0.109221,0.671971,0.218808
0.100823,0.690037,0.20914
0.0887505,0.716905,0.194344
0.0921286,0.709274,0.198598
0.100158,0.691488,0.208354
0.0893728,0.715493,0.195134
0.0898054,0.714513,0.195682
0.0889477,0.716458,0.194595
0.0998257,0.692215,0.207959
0.106304,0.678192,0.215504
0.0914189,0.71087,0.197712
0.0976185,0.697061,0.20532
0.0963281,0.699912,0.20376
0.096859,0.698737,0.204404
0.092437,0.708582,0.198981
0.100038,0.691752,0.208211
0.106215,0.678383,0.215402
0.127652,0.63391,0.238438
0.104934,0.681133,0.213933
0.101051,0.689539,0.209409
0.104494,0.68208,0.213426
0.103291,0.684677,0.212032
0.107667,0.675278,0.217055
0.105416,0.680096,0.214487
0.0887559,0.716893,0.194351
0.122366,0.644617,0.233017
0.106054,0.678727,0.215219
0.114123,0.661643,0.224234
0.110844,0.668535,0.220621
0.117414,0.654796,0.22779
0.143177,0.60351,0.253313
0.163733,0.573362,0.262905
0.138482,0.61246,0.249058
0.12229,0.644771,0.232939
0.15704,0.577113,0.265846
0.136524,0.616292,0.247184
0.143021,0.603657,0.253322
0.128967,0.63127,0.239763
0.151674,0.587161,0.261165
0.141924,0.605775,0.252301
0.128667,0.631872,0.239461
0.125077,0.639106,0.235818
0.134433,0.620405,0.245162
0.147207,0.595631,0.257162
0.144815,0.600207,0.254978
0.104841,0.681333,0.213826
0.0867548,0.721458,0.191787
0.0974981,0.697327,0.205175
0.0988476,0.694358,0.206794
0.0973075,0.697747,0.204945
0.10333,0.684594,0.212077
0.0922473,0.709007,0.198745
0.0705809,0.759664,0.169755
0.0673006,0.767728,0.164971
0.0632659,0.777812,0.158922
0.078546,0.740543,0.180911
0.0886459,0.717143,0.194211
0.0820493,0.732325,0.185626
0.0905317,0.71287,0.196598
0.101576,0.688398,0.210026
0.0946725,0.703586,0.201741
0.096263,0.700056,0.203681
0.10082,0.690045,0.209136
0.128068,0.633074,0.238858
0.124359,0.640561,0.235081
0.107765,0.675068,0.217166
0.0970839,0.698241,0.204675
0.104262,0.68258,0.213158
0.105972,0.678904,0.215124
0.102772,0.685802,0.211427
0.112263,0.665544,0.222193
0.105901,0.679056,0.215043
0.0989778,0.694073,0.20695
0.0857452,0.723773,0.190481
0.0915492,0.710576,0.197874
0.0918996,0.709788,0.198312
0.111445,0.667266,0.221289
0.110903,0.66841,0.220687
0.112946,0.664109,0.222945
0.118487,0.652577,0.228936
0.114579,0.660691,0.22473
0.141325,0.612681,0.245995
0.132091,0.62504,0.242869
0.109909,0.670512,0.219579
0.112361,0.665339,0.2223
0.119152,0.651206,0.229642
0.1146,0.660648,0.224753
0.0998881,0.692079,0.208033
0.105766,0.679344,0.214889
0.125099,0.63906,0.235841
0.1462,0.597553,0.256246
0.134024,0.621213,0.244763
0.112786,0.664444,0.222769
0.115527,0.658715,0.225759
0.108519,0.673462,0.218018
0.10362,0.683965,0.212414
0.1166,0.656484,0.226916
0.10263,0.686109,0.211261
0.0970787,0.698252,0.204669
0.087346,0.720106,0.192548
0.0841263,0.727505,0.188369
0.0831405,0.729788,0.187072
0.0831092,0.72986,0.187031
0.0819271,0.73261,0.185463
0.07839,0.740912,0.180698
0.0793516,0.738643,0.182005
0.079281,0.738809,0.181909
0.0814558,0.733709,0.184835
0.0986861,0.694713,0.206601
0.0910843,0.711623,0.197292
0.122938,0.643449,0.233613
0.122935,0.643456,0.233609
0.117545,0.654525,0.22793
0.101495,0.688573,0.209932
0.117997,0.653589,0.228414
0.136557,0.616227,0.247216
0.127031,0.635159,0.23781
0.126659,0.635909,0.237432
0.124747,0.639774,0.235479
0.132429,0.624369,0.243201
0.127486,0.634242,0.238271
0.134081,0.6211,0.244819
0.124407,0.640464,0.23513
0.113763,0.662397,0.22384
0.274021,0.367167,0.358812
0.27352,0.356252,0.370227
0.184112,0.538954,0.276934
0.180729,0.543674,0.275597
0.142965,0.603764,0.25327
0.141929,0.605766,0.252305
0.101647,0.688243,0.21011
0.110839,0.668545,0.220616
0.138279,0.612858,0.248864
0.138901,0.611643,0.249456
0.0912817,0.711179,0.19754
0.0933151,0.706615,0.20007
0.103252,0.684763,0.211986
0.116594,0.656496,0.22691
0.143544,0.602649,0.253807
0.192877,0.532767,0.274356
0.258071,0.393194,0.348735
0.174253,0.56002,0.265728
0.14762,0.596837,0.255543
0.145473,0.598945,0.255582
0.2312,0.461094,0.307705
0.140371,0.608785,0.250845
0.138375,0.61267,0.248955
0.143582,0.602577,0.253842
0.148155,0.593824,0.25802
0.157111,0.576982,0.265907
0.146357,0.597253,0.25639
0.162976,0.566156,0.270867
0.29517,0.343105,0.361725
0.243062,0.35812,0.398819
0.205653,0.366208,0.428139
0.216686,0.364396,0.418918
0.202574,0.367394,0.430032
0.17123,0.372165,0.456605
0.17869,0.371323,0.449988
0.22495,0.362996,0.412055
0.208397,0.366494,0.42511
0.203897,0.367183,0.42892
0.267259,0.357464,0.375278
0.274595,0.366158,0.359247
0.253499,0.407726,0.338776
0.267061,0.387577,0.345362
0.237111,0.458383,0.304506
0.125347,0.638559,0.236094
0.126665,0.635897,0.237438
0.121356,0.646679,0.231964
0.138643,0.612146,0.249211
0.129964,0.629276,0.24076
0.12258,0.64418,0.23324
0.104335,0.682423,0.213242
0.106017,0.678807,0.215176
0.0991887,0.69361,0.207201
0.0955411,0.701656,0.202803
0.0956327,0.701452,0.202915
0.116763,0.656146,0.227092
0.112618,0.664798,0.222584
0.101155,0.689313,0.209532
0.0901479,0.713737,0.196115
0.0862542,0.722605,0.191141
0.0874515,0.719865,0.192684
0.107204,0.676266,0.21653
0.105185,0.680592,0.214222
0.132872,0.623491,0.243636
0.108993,0.672456,0.218551
0.155999,0.579053,0.264948
0.149201,0.591839,0.258961
0.137916,0.613566,0.248518
0.195757,0.521349,0.282894
0.238769,0.450088,0.311143
0.199085,0.516955,0.28396
0.170307,0.554832,0.274861
0.15704,0.577895,0.265065
0.153777,0.583643,0.26258
0.152316,0.585951,0.261732
0.114422,0.66102,0.224559
0.108144,0.67426,0.217595
0.109977,0.670368,0.219655
0.111196,0.667791,0.221013
0.113873,0.662168,0.22396
0.10277,0.685806,0.211424
0.124569,0.640134,0.235297
0.118709,0.65212,0.229171
0.124403,0.640471,0.235126
0.139953,0.609596,0.250451
0.212205,0.500803,0.286992
0.144642,0.600539,0.254819
0.14362,0.602504,0.253877
0.147136,0.595767,0.257098
0.156146,0.579741,0.264113
0.162453,0.567115,0.270432
0.127736,0.63374,0.238524
0.208496,0.506587,0.284917
0.159215,0.573081,0.267704
0.129826,0.629553,0.240621
0.153271,0.584157,0.262572
0.137774,0.613844,0.248382
0.134583,0.620109,0.245307
0.133993,0.621274,0.244733
0.135032,0.619225,0.245743
0.132549,0.624131,0.243319
0.142747,0.604186,0.253067
0.134405,0.620461,0.245134
0.137924,0.61355,0.248526
0.129952,0.629301,0.240747
0.130523,0.62816,0.241316
0.196875,0.520573,0.282552
0.195403,0.521944,0.282653
0.204909,0.511139,0.283952
0.159518,0.57252,0.267962
0.14218,0.605281,0.252539
0.143839,0.602082,0.254079
0.108247,0.674041,0.217711
0.105588,0.679727,0.214685
0.0948258,0.703245,0.201929
0.0799229,0.7373,0.182777
0.0822492,0.731859,0.185891
0.0763489,0.745755,0.177896
0.0702219,0.760541,0.169237
0.0717247,0.756879,0.171396
0.0713804,0.757716,0.170903
0.0818322,0.732831,0.185337
0.0985936,0.694916,0.20649
0.117916,0.653758,0.228327
0.10851,0.673482,0.218008
0.136856,0.615641,0.247503
0.144747,0.600336,0.254916
0.157127,0.576952,0.265921
0.163824,0.567425,0.26875
0.167245,0.562849,0.269906
0.147392,0.595277,0.25733
0.119455,0.650582,0.229963
0.118646,0.652249,0.229105
0.104764,0.681499,0.213737
0.101181,0.689258,0.209562
0.110837,0.668549,0.220614
0.106592,0.677575,0.215833
0.112654,0.664723,0.222623
0.114844,0.660137,0.225019
0.111213,0.667755,0.221032
0.113412,0.663132,0.223456
0.120516,0.648402,0.231082
0.121411,0.646567,0.232021
0.12305,0.643221,0.233729
0.127763,0.633687,0.23855
0.126742,0.635742,0.237516
0.136181,0.616966,0.246854
0.125222,0.638812,0.235966
0.129284,0.630637,0.24008
0.117141,0.65536,0.227498
0.125631,0.637985,0.236385
0.121114,0.647176,0.23171
0.115801,0.658144,0.226055
0.131828,0.625563,0.242609
0.132929,0.623378,0.243693
0.10899,0.672461,0.218548
0.105992,0.67886,0.215148
0.10581,0.684288,0.209902
0.0951824,0.702452,0.202365
0.108124,0.684418,0.207458
0.0969518,0.709935,0.193113
0.103586,0.701539,0.194874
0.105598,0.701818,0.192584
0.10825,0.712993,0.178757
0.110122,0.701699,0.188179
0.103711,0.690936,0.205353
0.103819,0.696231,0.19995
0.105773,0.679329,0.214897
0.11195,0.666202,0.221848
0.113679,0.662573,0.223748
0.121256,0.646885,0.231859
0.126029,0.63718,0.236791
0.121341,0.646711,0.231948
0.176401,0.548922,0.274677
0.13859,0.61225,0.24916
0.15715,0.576909,0.265941
0.147724,0.594646,0.25763
0.166288,0.563462,0.27025
0.165866,0.564882,0.269252
0.162383,0.569234,0.268382
0.175163,0.547526,0.277311
0.1715,0.551188,0.277312
0.218663,0.492606,0.288731
0.115648,0.658462,0.22589
0.115828,0.658087,0.226085
0.0977175,0.696843,0.205439
0.0989413,0.694153,0.206906
0.100431,0.690893,0.208676
0.107511,0.675611,0.216878
0.117986,0.653612,0.228402
0.0979816,0.696262,0.205757
0.0948983,0.703084,0.202018
0.0952884,0.702217,0.202495
0.093322,0.706599,0.200079
0.0956931,0.701319,0.202988
0.101425,0.688726,0.209849
0.0971076,0.698188,0.204704
0.0874595,0.719846,0.192694
0.0891012,0.716109,0.19479
0.0855679,0.724181,0.190251
0.0939652,0.705163,0.200872
0.106552,0.67766,0.215788
0.112211,0.665653,0.222136
0.134155,0.620954,0.244891
0.129126,0.630952,0.239922
0.184367,0.535553,0.28008
0.1876,0.530754,0.281646
0.20911,0.504938,0.285952
0.176449,0.544241,0.27931
0.166569,0.561108,0.272323
0.271514,0.358186,0.3703
0.118457,0.652639,0.228904
0.131182,0.626847,0.24197
0.104821,0.681375,0.213803
0.0994113,0.693122,0.207466
0.0912098,0.71134,0.19745
0.0918682,0.709859,0.198273
0.0880622,0.718472,0.193466
0.0959578,0.700732,0.203311
0.136922,0.615512,0.247566
0.126187,0.63686,0.236952
0.120325,0.648793,0.230881
0.121693,0.645991,0.232316
0.11286,0.664291,0.22285
0.114299,0.661276,0.224425
0.0971723,0.698046,0.204782
0.10487,0.681271,0.213859
0.0986246,0.694848,0.206527
0.0952795,0.702237,0.202484
0.147941,0.599006,0.253053
0.195532,0.523023,0.281444
0.233596,0.44654,0.319865
0.179162,0.551068,0.26977
0.259203,0.394635,0.346162
0.23632,0.445672,0.318008
0.275612,0.354944,0.369444
0.214373,0.497143,0.288484
0.169019,0.555219,0.275762
0.132652,0.623928,0.24342
0.11636,0.656981,0.226659
0.119351,0.650796,0.229853
0.113161,0.663659,0.22318
0.108103,0.674349,0.217548
0.106799,0.677131,0.216069
0.104822,0.681375,0.213804
0.101888,0.687719,0.210393
0.0978007,0.69666,0.205539
0.100517,0.690705,0.208778
0.103694,0.683806,0.2125
0.104531,0.682001,0.213468
0.107849,0.67489,0.217261
0.108854,0.67275,0.218396
0.10841,0.673694,0.217895
0.109081,0.672268,0.218651
0.106323,0.678152,0.215526
0.110864,0.668493,0.220643
0.106982,0.676741,0.216277
0.105318,0.680308,0.214375
0.0962425,0.700101,0.203657
0.087882,0.718882,0.193236
0.0920817,0.709379,0.198539
0.0899555,0.714173,0.195872
0.0909454,0.711937,0.197118
0.0895491,0.715093,0.195358
0.0900323,0.713999,0.195969
0.0915869,0.710491,0.197922
0.0966742,0.699146,0.20418
0.0962261,0.700137,0.203637
0.106575,0.677612,0.215813
0.101424,0.688727,0.209848
0.121845,0.64568,0.232475
0.132042,0.625138,0.24282
0.151589,0.587321,0.26109
0.156119,0.578829,0.265052
0.172025,0.549758,0.278217
0.165341,0.561837,0.272823
0.169141,0.554945,0.275914
0.167948,0.557102,0.27495
0.154149,0.58251,0.263341
0.167232,0.558398,0.274369
0.12575,0.637743,0.236507
0.117979,0.653628,0.228394
0.103179,0.684921,0.211901
0.108084,0.674389,0.217527
0.10866,0.673163,0.218177
0.107312,0.676036,0.216652
0.110102,0.670104,0.219794
0.106563,0.677637,0.2158
0.107961,0.67465,0.217388
0.113773,0.662375,0.223852
0.148568,0.593041,0.258392
0.130051,0.629104,0.240846
0.138818,0.611806,0.249376
0.120899,0.647617,0.231484
0.125598,0.638052,0.236351
0.125404,0.638443,0.236153
0.114775,0.660282,0.224943
0.122433,0.64448,0.233087
0.1237,0.6419,0.234401
0.122584,0.644172,0.233244
0.119451,0.65059,0.229959
0.121239,0.646919,0.231841
0.116849,0.655966,0.227185
0.11647,0.656753,0.226777
0.102323,0.686774,0.210903
0.102019,0.687434,0.210547
0.115032,0.659746,0.225222
0.117819,0.653958,0.228223
0.11038,0.669515,0.220105
0.113963,0.661978,0.224059
0.120556,0.648321,0.231124
0.157626,0.576026,0.266348
0.163508,0.565183,0.271309
0.176411,0.546576,0.277013
0.187738,0.529749,0.282513
0.185055,0.532397,0.282549
0.132049,0.625124,0.242827
0.128204,0.6328,0.238996
0.125179,0.638898,0.235923
0.116957,0.655742,0.227301
0.125043,0.639173,0.235784
0.119318,0.650865,0.229818
0.114614,0.660618,0.224768
0.117003,0.655647,0.22735
0.113801,0.662318,0.223881
0.111279,0.667617,0.221104
0.105647,0.6796,0.214753
0.103016,0.685272,0.211712
0.0946098,0.703726,0.201664
0.109269,0.671869,0.218862
0.100156,0.691493,0.208351
0.104296,0.682506,0.213197
0.128224,0.632761,0.239015
0.129202,0.6308,0.239998
0.140185,0.609144,0.25067
0.142368,0.604918,0.252715
0.150125,0.590086,0.259788
0.148724,0.592744,0.258532
0.155021,0.580879,0.2641
0.131853,0.625513,0.242634
0.138643,0.612148,0.24921
0.13149,0.626235,0.242275
0.138229,0.612955,0.248816
0.150162,0.590018,0.259821
0.10147,0.688628,0.209902
0.121661,0.646056,0.232283
0.12357,0.642163,0.234267
0.117772,0.654054,0.228173
0.127682,0.63385,0.238469
0.105713,0.679458,0.214829
0.10577,0.679336,0.214894
0.109624,0.671117,0.21926
0.107988,0.674595,0.217418
0.108144,0.674262,0.217594
0.130527,0.628154,0.24132
0.122722,0.64389,0.233388
0.115632,0.658495,0.225873
0.119794,0.649884,0.230322
0.11443,0.661002,0.224568
0.117401,0.654822,0.227776
0.12544,0.638371,0.236189
0.107854,0.674878,0.217267
0.112155,0.665772,0.222073
0.0981553,0.69588,0.205965
0.104171,0.682776,0.213053
0.0938976,0.705313,0.200789
0.109221,0.671972,0.218807
0.105491,0.679935,0.214573
0.11196,0.666183,0.221858
0.106296,0.67821,0.215495
0.0976893,0.696905,0.205405
0.115752,0.658247,0.226002
0.119401,0.650693,0.229906
0.118532,0.652485,0.228983
0.118843,0.651843,0.229314
0.124161,0.640962,0.234877
0.109628,0.671109,0.219264
0.0986494,0.694794,0.206557
0.104296,0.682507,0.213197
0.10293,0.685459,0.211611
0.109288,0.67183,0.218882
0.104093,0.682946,0.212962
0.112349,0.665363,0.222288
0.110792,0.668645,0.220563
0.116691,0.656295,0.227014
0.11003,0.670255,0.219714
0.114429,0.661004,0.224567
0.131371,0.626471,0.242157
0.131248,0.626717,0.242035
0.124362,0.640555,0.235083
0.111714,0.6667,0.221586
0.108249,0.674037,0.217713
0.0980557,0.696099,0.205846
0.103407,0.684426,0.212167
0.107759,0.675082,0.217159
0.112733,0.664557,0.22271
0.113215,0.663544,0.22324
0.11234,0.665382,0.222278
0.101906,0.68768,0.210414
0.105146,0.680676,0.214177
0.115191,0.659414,0.225395
0.125233,0.63879,0.235978
0.132595,0.624042,0.243364
0.119021,0.651476,0.229503
0.11372,0.662487,0.223793
0.105737,0.679406,0.214856
0.103422,0.684393,0.212184
0.0984535,0.695224,0.206323
0.105122,0.680728,0.21415
0.107226,0.67622,0.216554
0.10873,0.673014,0.218256
0.112691,0.664644,0.222665
0.119347,0.650804,0.229849
0.130878,0.627454,0.241668
0.129121,0.630963,0.239916
0.139138,0.611183,0.24968
0.135278,0.61874,0.245982
0.129921,0.629362,0.240717
0.121252,0.646894,0.231854
0.131248,0.626716,0.242036
0.119343,0.650813,0.229844
0.113663,0.662606,0.223731
0.108893,0.672668,0.218439
0.100592,0.693782,0.205625
0.0982697,0.695797,0.205933
0.0989282,0.700011,0.20106
0.0984564,0.695218,0.206326
0.0949642,0.702937,0.202099
0.0908322,0.712192,0.196976
0.0911312,0.711518,0.197351
0.0928957,0.707554,0.199551
0.0906371,0.712632,0.196731
0.0889753,0.716395,0.19463
0.0924705,0.708506,0.199023
0.0910941,0.711601,0.197305
0.0937228,0.705704,0.200573
0.103227,0.684817,0.211957
0.102746,0.685857,0.211397
0.109741,0.670869,0.21939
0.102976,0.685358,0.211665
0.106393,0.678001,0.215606
0.116248,0.657215,0.226538
0.114218,0.661445,0.224337
0.11607,0.657583,0.226346
0.119111,0.651291,0.229598
0.110181,0.669936,0.219883
0.0915166,0.71065,0.197834
0.102199,0.687043,0.210758
0.107637,0.675342,0.217021
0.109601,0.671166,0.219234
0.108262,0.674009,0.217728
0.0965444,0.699433,0.204023
0.100267,0.691251,0.208482
0.100704,0.690297,0.208999
0.0973473,0.697659,0.204993
0.0951144,0.702603,0.202282
0.108062,0.674436,0.217502
0.105189,0.680585,0.214226
0.105868,0.679126,0.215006
0.0973205,0.697718,0.204961
0.101334,0.688924,0.209742
0.106925,0.676862,0.216213
0.123379,0.642552,0.234069
0.143306,0.603108,0.253586
0.158803,0.573843,0.267354
0.174577,0.545198,0.280225
0.159612,0.572346,0.268042
0.160156,0.571342,0.268502
0.148052,0.594021,0.257927
0.141469,0.606656,0.251875
0.138155,0.6131,0.248745
0.137514,0.614351,0.248134
0.122999,0.643325,0.233676
0.107998,0.67587,0.216132
0.111816,0.673955,0.214229
0.113408,0.673969,0.212623
0.123143,0.654964,0.221893
0.11623,0.659135,0.224635
0.116609,0.656464,0.226927
0.135517,0.625197,0.239287
0.129299,0.643233,0.227468
0.113308,0.663351,0.223342
0.105751,0.679377,0.214872
0.1122,0.665677,0.222123
0.104803,0.681416,0.213782
0.108693,0.673093,0.218214
0.100507,0.690726,0.208767
0.0902528,0.7135,0.196247
0.0942464,0.704536,0.201218
0.0846078,0.726392,0.189
0.0794733,0.738357,0.18217
0.0815899,0.733396,0.185014
0.0843561,0.726974,0.18867
0.0853348,0.724717,0.189948
0.091809,0.709992,0.198199
0.0888026,0.716787,0.19441
0.100537,0.69066,0.208802
0.103057,0.685183,0.21176
0.0966882,0.699115,0.204197
0.107612,0.675395,0.216993
0.125765,0.637714,0.236522
0.136426,0.616485,0.24709
0.128823,0.631559,0.239618
0.119409,0.650677,0.229914
0.126578,0.636073,0.23735
0.127891,0.63343,0.238679
0.111349,0.667469,0.221182
0.127316,0.634586,0.238098
0.139209,0.611044,0.249747
0.114066,0.661763,0.224171
0.108108,0.674339,0.217554
0.104506,0.682055,0.213439
0.102315,0.686791,0.210893
0.115583,0.658597,0.22582
0.102527,0.686332,0.211141
0.101481,0.688605,0.209915
0.102588,0.6862,0.211212
0.0983657,0.695417,0.206217
0.102485,0.686422,0.211092
0.107813,0.674968,0.21722
0.114589,0.66067,0.224741
0.120959,0.647494,0.231547
0.127396,0.634424,0.23818
0.14112,0.607331,0.251549
0.131985,0.625251,0.242764
0.137681,0.614025,0.248294
0.118785,0.651963,0.229252
0.118304,0.652955,0.228741
0.120724,0.647975,0.231301
0.124322,0.640635,0.235043
0.101748,0.688024,0.210228
0.103925,0.683307,0.212768
0.130959,0.627292,0.241749
0.116558,0.65657,0.226872
0.124017,0.641254,0.234729
0.121426,0.646537,0.232037
0.14263,0.604412,0.252958
0.14619,0.597572,0.256238
0.141634,0.606335,0.25203
0.140715,0.608116,0.251169
0.144864,0.600113,0.255023
0.152241,0.586093,0.261666
0.120417,0.648604,0.230978
0.114433,0.660995,0.224572
0.110963,0.668283,0.220754
0.109697,0.670962,0.219341
0.101242,0.689123,0.209634
0.0983927,0.695358,0.20625
0.0973518,0.697649,0.204999
0.0994631,0.693009,0.207528
0.0939931,0.7051,0.200906
0.0872029,0.720433,0.192364
0.0883375,0.717845,0.193818
0.0914437,0.710814,0.197742
0.10261,0.686152,0.211238
0.102455,0.686488,0.211057
0.109825,0.670691,0.219484
0.113625,0.662686,0.223689
0.107342,0.675972,0.216686
0.102494,0.686403,0.211103
0.108296,0.673938,0.217766
0.108844,0.672773,0.218384
0.10539,0.680153,0.214457
0.116692,0.656292,0.227016
0.114577,0.660694,0.224729
0.116381,0.656937,0.226681
0.115214,0.659365,0.22542
0.117309,0.655012,0.227678
0.124734,0.639801,0.235466
0.124374,0.640529,0.235096
0.133606,0.62204,0.244355
0.13926,0.610945,0.249795
0.135479,0.618344,0.246177
0.110232,0.669829,0.219939
0.103992,0.683162,0.212846
0.109774,0.670799,0.219427
0.111292,0.66759,0.221119
0.111521,0.667106,0.221373
0.111776,0.66657,0.221655
0.111861,0.66639,0.221749
0.116148,0.657422,0.22643
0.129568,0.630068,0.240364
0.118653,0.652234,0.229113
0.120988,0.647434,0.231578
0.119546,0.650396,0.230059
0.113905,0.662101,0.223995
0.102775,0.685795,0.211431
0.101522,0.688515,0.209963
0.0940045,0.705075,0.200921
0.0931825,0.706911,0.199906
0.0866859,0.721615,0.191699
0.0687573,0.764133,0.16711
0.071022,0.758589,0.170389
0.0727135,0.754483,0.172804
0.0742886,0.750685,0.175026
0.0654122,0.78837,0.146218
0.0725403,0.774804,0.152655
0.062955,0.799268,0.137777
0.067891,0.785969,0.14614
0.0696685,0.77893,0.151401
0.0730664,0.77195,0.154983
0.0814826,0.735761,0.182756
0.0912239,0.713191,0.195585
0.0883577,0.723224,0.188419
0.0816926,0.733157,0.185151
0.0919416,0.709694,0.198365
0.0891652,0.715964,0.194871
0.113552,0.662839,0.223609
0.105499,0.679918,0.214583
0.107194,0.676287,0.216519
0.107177,0.676325,0.216499
0.100683,0.690342,0.208975
0.0934211,0.706378,0.200201
0.104221,0.682669,0.21311
0.0988741,0.6943,0.206826
0.1171,0.655446,0.227454
0.124972,0.639317,0.235711
0.11468,0.66048,0.22484
0.114048,0.6618,0.224152
0.111057,0.668084,0.220858
0.112829,0.664355,0.222816
0.112489,0.665069,0.222442
0.124467,0.640342,0.235192
0.103546,0.684126,0.212328
0.10894,0.672567,0.218492
0.112291,0.665486,0.222223
0.110065,0.670183,0.219752
0.113916,0.662077,0.224007
0.108406,0.673704,0.21789
0.0997728,0.692331,0.207896
0.0911773,0.711414,0.197409
0.0798358,0.737504,0.18266
0.0764519,0.74551,0.178038
0.0855006,0.724336,0.190164
0.0839161,0.727991,0.188093
0.0803775,0.736233,0.18339
0.0831112,0.738747,0.178142
0.0806756,0.752513,0.166812
0.0783144,0.759813,0.161873
0.0870883,0.740721,0.172191
0.0890984,0.740218,0.170683
0.100549,0.710418,0.189033
0.092906,0.727634,0.17946
0.094881,0.718271,0.186848
0.0913908,0.723812,0.184797
0.0942355,0.709719,0.196046
0.103377,0.699217,0.197406
0.10579,0.683188,0.211022
0.11126,0.673569,0.215171
0.111938,0.671568,0.216494
0.0992856,0.693398,0.207317
0.0991299,0.693739,0.207131
0.121975,0.645415,0.23261
0.127071,0.635079,0.23785
0.128291,0.632626,0.239083
0.128391,0.632425,0.239184
0.124472,0.640331,0.235197
0.136861,0.61563,0.247508
0.145765,0.598386,0.255849
0.0982411,0.695691,0.206068
0.103191,0.684893,0.211916
0.0978736,0.696499,0.205627
0.0878489,0.718958,0.193193
0.0771065,0.743953,0.178941
0.0794911,0.738315,0.182194
0.0787139,0.740147,0.181139
0.075121,0.748688,0.176191
0.0778246,0.74225,0.179926
0.081391,0.735843,0.182766
0.0981995,0.695782,0.206018
0.0990707,0.693869,0.20706
0.108523,0.673454,0.218023
0.108858,0.672743,0.218399
0.109533,0.67131,0.219157
0.116292,0.657123,0.226585
0.104617,0.681816,0.213567
0.103225,0.68482,0.211955
0.0941782,0.704687,0.201134
0.091719,0.710194,0.198087
0.0949465,0.702977,0.202077
0.0922372,0.70903,0.198733
0.0890779,0.716162,0.19476
0.0881837,0.718195,0.193621
0.0837689,0.728331,0.1879
0.0831964,0.729658,0.187146
0.0839155,0.727992,0.188093
0.0890697,0.71618,0.19475
0.0884582,0.71757,0.193972
0.0879092,0.71882,0.19327
0.0813942,0.733853,0.184753
0.0860181,0.723146,0.190835
0.0869492,0.721013,0.192038
0.0851531,0.725135,0.189711
0.0905419,0.712847,0.196611
0.0992526,0.69347,0.207277
0.100799,0.69009,0.209111
0.0921499,0.709226,0.198624
0.0950727,0.702696,0.202231
0.0895756,0.715033,0.195391
0.0934001,0.706425,0.200175
0.0907165,0.712453,0.196831
0.0929152,0.70751,0.199575
0.0976819,0.696922,0.205396
0.101771,0.687974,0.210255
0.0956085,0.701506,0.202885
0.111038,0.668126,0.220837
0.121803,0.645766,0.232431
0.119724,0.650028,0.230248
0.128731,0.631743,0.239525
0.118751,0.652032,0.229216
0.135352,0.618595,0.246053
0.118929,0.651665,0.229405
0.113524,0.662897,0.223579
0.0939636,0.705166,0.20087
0.101547,0.68846,0.209993
0.0910346,0.711735,0.19723
0.0881369,0.718302,0.193562
0.0929187,0.707502,0.199579
0.100235,0.69132,0.208445
0.105672,0.679547,0.214781
0.0959941,0.700651,0.203355
0.114577,0.660695,0.224728
0.111445,0.667266,0.221289
0.133213,0.622817,0.24397
0.124449,0.640379,0.235173
0.116105,0.657512,0.226383
0.124924,0.639416,0.235661
0.117784,0.65403,0.228186
0.0932155,0.706838,0.199947
0.0893599,0.715522,0.195118
0.083323,0.729364,0.187313
0.0933526,0.706531,0.200116
0.0987633,0.694544,0.206693
0.149744,0.596582,0.253674
0.12398,0.64133,0.23469
0.135482,0.618338,0.246179
0.103364,0.684519,0.212117
0.0832512,0.729531,0.187218
0.124249,0.640785,0.234967
0.150428,0.589514,0.260058
0.13806,0.613285,0.248655
0.147866,0.594375,0.257759
0.158937,0.574408,0.266654
0.134314,0.62064,0.245046
0.128048,0.633113,0.238839
0.131684,0.625849,0.242467
0.173017,0.551313,0.275669
0.165349,0.563715,0.270936
0.149973,0.590374,0.259653
0.13495,0.619386,0.245664
0.132426,0.624377,0.243198
0.122707,0.64392,0.233372
0.108182,0.67418,0.217638
0.108895,0.672664,0.218441
0.105241,0.680473,0.214286
0.106484,0.677805,0.21571
0.100069,0.691684,0.208248
0.101062,0.689516,0.209422
0.100379,0.691006,0.208615
0.113415,0.663126,0.223459
0.110949,0.668312,0.220738
0.115814,0.658117,0.226069
0.137612,0.614161,0.248227
0.114374,0.661119,0.224507
0.117078,0.655491,0.227431
0.117173,0.655295,0.227532
0.118483,0.652586,0.228931
0.114232,0.661416,0.224352
0.104128,0.68287,0.213002
0.0905826,0.712755,0.196662
0.092383,0.708703,0.198914
0.0883617,0.71779,0.193848
0.0905054,0.712929,0.196565
0.0942843,0.704451,0.201265
0.0916975,0.710243,0.19806
0.0870733,0.720729,0.192198
0.0705568,0.759723,0.16972
0.0764889,0.745422,0.178089
0.0725916,0.754778,0.172631
0.074002,0.751374,0.174624
0.0767998,0.744682,0.178518
0.0767865,0.744714,0.1785
0.0756721,0.74737,0.176958
0.0741672,0.750977,0.174856
0.0774255,0.743196,0.179379
0.0795195,0.738248,0.182232
0.0957857,0.701113,0.203101
0.095893,0.700875,0.203232
0.0813396,0.759709,0.158951
0.0913738,0.744306,0.16432
0.0815787,0.763834,0.154588
0.0801991,0.762808,0.156993
0.0766659,0.757162,0.166172
0.0802377,0.7504,0.169363
0.0832628,0.74275,0.173987
0.0856144,0.735694,0.178692
0.0948819,0.715413,0.189705
0.102193,0.699692,0.198115
0.119038,0.651441,0.229521
0.106502,0.677767,0.215731
0.105484,0.679951,0.214565
0.0991798,0.69363,0.207191
0.105583,0.679738,0.214679
0.107553,0.675522,0.216925
