NVDA,AAPL,TSLA,GOOGL,AMD
0,0,0,0,0
0,0,0,0,0
0,0,0,0,0
0,0,0,0,0
0,0,0,0,0
0,0,0,0,0
0,0,0,0,0
0,0,0,0,0
0,0,0,0,0
0.381223,0.178819,0.381763,0.0152899,0.0429052
0.379858,0.174579,0.381216,0.0170872,0.0472594
0.374959,0.167195,0.382312,0.020039,0.0554939
0.3394,0.191922,0.339224,0.0431351,0.0863188
0.29578,0.209524,0.288284,0.0843493,0.122063
0.282401,0.218112,0.275035,0.0990922,0.125359
0.319104,0.201354,0.315031,0.061435,0.103077
0.30362,0.206568,0.298392,0.0756021,0.115817
0.289078,0.216372,0.282125,0.0878079,0.124617
0.331801,0.183015,0.327309,0.0564517,0.101423
0.359209,0.15905,0.362529,0.0331674,0.0860444
0.372404,0.147175,0.376499,0.0262361,0.0776862
0.375062,0.158518,0.383712,0.0216021,0.0611056
0.38026,0.144943,0.391168,0.020121,0.0635084
0.369024,0.140772,0.370846,0.0324425,0.086916
0.365414,0.164998,0.370579,0.0281418,0.0708665
0.378681,0.148982,0.388841,0.0207851,0.0627107
0.386061,0.14375,0.397261,0.0168631,0.0560648
0.388089,0.142002,0.399785,0.0162003,0.053924
0.396247,0.131246,0.410012,0.0134214,0.0490732
0.375309,0.149643,0.388075,0.0213858,0.0655867
0.383449,0.164035,0.390087,0.0150817,0.047347
0.382556,0.171801,0.38704,0.0147933,0.0438092
0.368666,0.173382,0.374991,0.0219448,0.0610167
0.37542,0.185009,0.375723,0.0168679,0.0469796
0.359125,0.172887,0.365947,0.0271666,0.0748744
0.349524,0.183915,0.354461,0.0328126,0.0792871
0.357283,0.177393,0.36377,0.0298186,0.0717349
0.347672,0.173507,0.356095,0.0380469,0.0846789
0.325687,0.189721,0.330179,0.0517401,0.102674
0.319493,0.222913,0.314798,0.0542975,0.0884984
0.315217,0.214226,0.314385,0.0603306,0.0958415
0.341463,0.201082,0.342457,0.0380861,0.0769125
0.348924,0.184374,0.354053,0.0354397,0.0772092
0.353426,0.164447,0.364331,0.0345747,0.0832215
0.342423,0.181022,0.348957,0.0416934,0.0859041
0.346405,0.181202,0.348975,0.0402704,0.0831477
0.356604,0.180897,0.355977,0.0334228,0.0730998
0.36698,0.173314,0.37131,0.0251751,0.0632208
0.357486,0.176122,0.355915,0.034913,0.0755644
0.36884,0.168246,0.372293,0.025888,0.0647334
0.368195,0.165277,0.372746,0.0265713,0.067211
0.357822,0.171292,0.35826,0.0348055,0.0778207
0.34313,0.176496,0.341817,0.045989,0.092567
0.316521,0.190071,0.310756,0.0690986,0.113553
0.350319,0.175621,0.351428,0.0387037,0.0839278
0.364315,0.171439,0.370271,0.0265674,0.0674088
0.366858,0.167028,0.373253,0.0259226,0.0669386
0.355894,0.173269,0.361631,0.0323928,0.0768128
0.35956,0.167389,0.365332,0.0312715,0.0764469
0.35379,0.173025,0.357553,0.0349121,0.0807201
0.302003,0.199831,0.321353,0.0652292,0.111584
0.3336,0.166999,0.346976,0.0493042,0.10312
0.336229,0.1756,0.345072,0.0463201,0.0967789
0.318386,0.178959,0.33634,0.0575447,0.108769
0.319826,0.176621,0.346944,0.0533312,0.103278
0.32471,0.173133,0.341428,0.0540105,0.106718
0.334739,0.183761,0.344237,0.0445764,0.0926866
0.341169,0.177537,0.34606,0.0427761,0.0924579
0.354975,0.175866,0.360218,0.0319192,0.077021
0.356803,0.170599,0.362214,0.0319744,0.0784101
0.370195,0.152731,0.378374,0.025336,0.0733643
0.37326,0.151648,0.382248,0.0231618,0.0696821
0.376063,0.154558,0.3851,0.0207998,0.0634781
0.379563,0.157679,0.38849,0.0187326,0.0555352
0.368609,0.164831,0.373694,0.0261111,0.066754
0.372762,0.154734,0.381173,0.024346,0.0669852
0.379498,0.147077,0.390042,0.0209965,0.0623869
0.378167,0.156921,0.387146,0.020014,0.0577521
0.368475,0.165476,0.375835,0.0247433,0.0654704
0.368418,0.164555,0.375912,0.0249672,0.0661481
0.36571,0.176207,0.371134,0.0245379,0.0624115
0.359567,0.178544,0.364867,0.0282933,0.068729
0.361712,0.176965,0.367149,0.0271003,0.0670745
0.359489,0.176778,0.365465,0.0285997,0.0696683
0.347141,0.180867,0.351208,0.0377623,0.0830217
0.341397,0.195258,0.344308,0.0380649,0.0809722
0.338419,0.196287,0.341715,0.039625,0.0839535
0.337362,0.191451,0.340433,0.0426755,0.0880778
0.328557,0.190982,0.331754,0.0504377,0.098269
0.257053,0.210147,0.251353,0.125823,0.155624
0.267107,0.213673,0.266163,0.110115,0.142941
0.28967,0.213559,0.282171,0.0888054,0.125795
0.31321,0.198926,0.30909,0.0678983,0.110876
0.242264,0.237345,0.21254,0.154562,0.15329
0.254177,0.229075,0.229239,0.141276,0.146234
0.238559,0.229759,0.211051,0.164404,0.156228
0.22853,0.223488,0.197675,0.192034,0.158273
0.215114,0.215253,0.19676,0.224123,0.14875
0.210547,0.212054,0.199056,0.234782,0.143562
0.296789,0.227012,0.292331,0.0787039,0.105163
0.254595,0.220641,0.247776,0.148977,0.128012
0.210794,0.21159,0.202314,0.237815,0.137486
0.211365,0.214307,0.19697,0.240311,0.137047
0.289522,0.224115,0.283485,0.0877528,0.115125
0.261465,0.217502,0.248867,0.134299,0.137868
0.328823,0.203153,0.325442,0.0523679,0.0902138
0.312475,0.206252,0.311325,0.0659233,0.104025
0.320836,0.204675,0.315266,0.0601788,0.099044
0.340612,0.191283,0.336982,0.0450764,0.0860471
0.341514,0.195081,0.341412,0.040457,0.0815362
0.361366,0.178368,0.366593,0.0265335,0.0671399
0.357184,0.18841,0.359075,0.0279948,0.067337
0.345308,0.183852,0.353578,0.0366477,0.0806149
0.368158,0.185949,0.369914,0.0209884,0.0549899
0.364714,0.187376,0.365243,0.0234663,0.0591994
0.360639,0.178693,0.366463,0.0267053,0.0674995
0.364634,0.168228,0.381078,0.0238997,0.0621609
0.375119,0.170624,0.378936,0.0195826,0.0557382
0.365575,0.173107,0.371859,0.0248018,0.0646572
0.362093,0.173959,0.367933,0.0273269,0.0686879
0.355105,0.178836,0.359796,0.0316864,0.0745761
0.362754,0.174837,0.368526,0.0268116,0.0670713
0.366578,0.174266,0.372574,0.0242387,0.0623435
0.371639,0.172594,0.37769,0.0211678,0.0569086
0.375136,0.172035,0.379305,0.0186232,0.0549017
0.377591,0.177848,0.3801,0.016588,0.0478734
0.366219,0.176637,0.371971,0.0239615,0.0612118
0.373074,0.180228,0.37597,0.0191633,0.0515653
0.370123,0.187735,0.370844,0.0195009,0.0517972
0.373374,0.18224,0.373518,0.019287,0.051581
0.369071,0.182755,0.369347,0.0218799,0.0569468
0.359058,0.181302,0.367875,0.0269385,0.0648265
0.338574,0.205314,0.351191,0.0350532,0.0698675
0.319361,0.208921,0.326748,0.0521604,0.0928103
0.266112,0.197698,0.247359,0.123216,0.165616
0.328205,0.21375,0.327202,0.0465887,0.0842542
0.332122,0.211271,0.313198,0.0523593,0.0910499
0.332676,0.215958,0.317912,0.0486684,0.0847851
0.332356,0.216366,0.318834,0.0482783,0.0841653
0.344605,0.221676,0.335802,0.0339837,0.063933
0.366163,0.223656,0.344422,0.0208009,0.0449576
0.378775,0.216009,0.353458,0.0150781,0.0366799
0.381751,0.200531,0.365411,0.0142203,0.038086
0.382849,0.20697,0.36082,0.0136718,0.0356885
0.391506,0.193778,0.373234,0.0105386,0.0309424
0.3757,0.205198,0.359691,0.016838,0.0425724
0.37798,0.180851,0.380209,0.016207,0.0447533
0.369518,0.174349,0.375433,0.0214902,0.05921
0.363199,0.175363,0.369499,0.0247842,0.0671547
0.367797,0.185748,0.370092,0.0207269,0.0556365
0.347116,0.198563,0.348268,0.0335678,0.0724857
0.344695,0.193966,0.345208,0.0377323,0.0783982
0.330094,0.191031,0.332096,0.0501897,0.0965895
0.368181,0.170138,0.374338,0.0230917,0.0642515
0.359683,0.174777,0.364915,0.028066,0.0725596
0.37107,0.161712,0.378801,0.021958,0.0664596
0.376505,0.152778,0.385778,0.0201526,0.0647862
0.361125,0.166625,0.367811,0.0291606,0.0752789
0.365372,0.163912,0.372396,0.0266883,0.0716316
0.375013,0.154332,0.384033,0.0215124,0.0651103
0.360346,0.1638,0.36371,0.032016,0.0801273
0.348155,0.175054,0.35311,0.0371463,0.0865343
0.354443,0.177287,0.360021,0.0319552,0.0762936
0.35779,0.173655,0.365653,0.0271604,0.0757412
0.354067,0.174776,0.362946,0.0285266,0.0796852
0.350292,0.17877,0.357316,0.0314312,0.0821914
0.345182,0.189088,0.348506,0.0354369,0.0817863
0.352305,0.177256,0.357932,0.031529,0.0809776
0.355427,0.170019,0.362,0.0305997,0.0819539
0.351667,0.16933,0.357036,0.033964,0.0880033
0.373867,0.154898,0.380655,0.0221653,0.0684148
0.372981,0.141567,0.376159,0.0280921,0.081201
0.36688,0.142331,0.367493,0.0333875,0.0899089
0.354454,0.148869,0.347545,0.0442229,0.10491
0.347123,0.15297,0.342836,0.0479252,0.109145
0.3707,0.139303,0.373279,0.0314811,0.0852373
0.385543,0.133022,0.390035,0.0217314,0.069668
0.370605,0.149824,0.378132,0.0251461,0.0762917
0.371197,0.151252,0.379391,0.0240651,0.0740942
0.334376,0.179581,0.343456,0.0430586,0.099528
0.328805,0.186616,0.336944,0.0449762,0.102658
0.326552,0.190212,0.334278,0.0448718,0.104086
0.355396,0.171,0.364192,0.0284587,0.0809526
0.359149,0.168112,0.369073,0.0266916,0.0769751
0.356257,0.17347,0.364814,0.0276608,0.0777975
0.361857,0.188833,0.363843,0.024911,0.0605562
0.365671,0.181527,0.369846,0.0233774,0.0595788
0.354392,0.187925,0.35793,0.030174,0.0695798
0.349323,0.185761,0.353028,0.0344773,0.077411
0.34972,0.177239,0.352328,0.0375804,0.0831324
0.314649,0.201867,0.306818,0.0688291,0.107836
0.345335,0.187915,0.341119,0.0426966,0.0829351
0.347982,0.192127,0.34805,0.0367343,0.0751065
0.29941,0.219613,0.297217,0.0765407,0.107219
0.305326,0.208132,0.303328,0.0735862,0.109628
0.287158,0.202557,0.28736,0.0949465,0.12798
0.317064,0.195394,0.320668,0.0612727,0.105602
0.347262,0.168908,0.356654,0.0379713,0.0892049
0.361707,0.160618,0.370825,0.0295877,0.077263
0.357707,0.167643,0.36662,0.0308889,0.0771411
0.361555,0.180347,0.366433,0.0250996,0.0665647
0.334863,0.187867,0.34119,0.040648,0.0954328
0.341206,0.184125,0.348127,0.0364773,0.0900652
0.352012,0.177774,0.359122,0.0304503,0.0806418
0.359616,0.181566,0.36429,0.0259525,0.0685763
0.366751,0.165822,0.372246,0.0241034,0.0710778
0.360968,0.17964,0.362777,0.0273203,0.0692946
0.33415,0.196809,0.330994,0.0479823,0.090065
0.320024,0.199118,0.315833,0.0614974,0.103527
0.312526,0.205883,0.309399,0.0642576,0.107934
0.322296,0.197746,0.318225,0.05847,0.103263
0.341624,0.182097,0.340697,0.0450863,0.090496
0.344933,0.182042,0.344492,0.042046,0.0864869
0.349068,0.181392,0.350831,0.0373794,0.0813301
0.359921,0.177788,0.365174,0.0282171,0.0689005
0.355977,0.183559,0.360123,0.0299709,0.0703711
0.350595,0.185291,0.354385,0.0335132,0.0762158
0.356573,0.1814,0.361111,0.029899,0.071016
0.36203,0.18192,0.366592,0.0259174,0.0635406
0.36122,0.184185,0.365162,0.0260945,0.0633385
0.376275,0.152942,0.383538,0.0215508,0.0656944
0.366822,0.161753,0.374553,0.0245668,0.0723056
0.376809,0.153935,0.385862,0.0204758,0.0629176
0.370678,0.161372,0.378611,0.0232031,0.0661364
0.359737,0.16811,0.366308,0.0298205,0.0760246
0.366682,0.159501,0.374999,0.0262344,0.0725835
0.368058,0.161296,0.37632,0.0238402,0.070486
0.355545,0.172221,0.364237,0.0288997,0.0790971
0.349485,0.164844,0.358191,0.0379162,0.0895633
0.349003,0.16492,0.357867,0.0382385,0.0899719
0.350611,0.191744,0.353702,0.0321806,0.0717612
0.337956,0.196531,0.33418,0.0456312,0.085702
0.347547,0.192931,0.346744,0.036734,0.0760447
0.355173,0.187881,0.355825,0.0314356,0.0696852
0.359619,0.183848,0.362613,0.0282211,0.0656984
0.373518,0.165234,0.380905,0.0211875,0.0591558
0.364119,0.17366,0.370765,0.0260218,0.0654346
0.376501,0.158788,0.385007,0.0203356,0.0593687
0.383993,0.146069,0.394747,0.0177818,0.0574093
0.380137,0.147952,0.390815,0.0194486,0.0616475
0.372705,0.151199,0.382935,0.0237824,0.0693777
0.360976,0.160255,0.371295,0.0289095,0.0785643
0.355635,0.166228,0.365616,0.0312655,0.081256
0.343681,0.174523,0.353951,0.0367715,0.0910737
0.331137,0.186644,0.338999,0.042271,0.10095
0.333342,0.18594,0.341338,0.0412862,0.0980935
0.37136,0.155332,0.379338,0.0234389,0.0705313
0.362465,0.160494,0.37129,0.0284182,0.0773328
0.374811,0.151886,0.383085,0.022732,0.0674872
0.377731,0.149132,0.386319,0.0214086,0.0654098
0.388701,0.13914,0.397834,0.0167207,0.057605
0.387136,0.139465,0.396645,0.0177287,0.059025
0.375449,0.150046,0.383194,0.0234386,0.0678726
0.357968,0.180282,0.357793,0.0322839,0.0716721
0.354053,0.175364,0.354206,0.0365943,0.0797819
0.347469,0.172311,0.344316,0.0452766,0.0906275
0.369129,0.164572,0.373316,0.0263443,0.0666389
0.357678,0.166795,0.357824,0.0365033,0.0811995
0.371192,0.159742,0.376876,0.0254837,0.066706
0.373585,0.157737,0.380456,0.0238136,0.064408
0.377803,0.159307,0.386176,0.0199149,0.0567995
0.378233,0.158618,0.386292,0.0199864,0.0568699
0.385649,0.145037,0.396956,0.0173521,0.0550061
0.394395,0.139818,0.40603,0.013572,0.0461855
0.400298,0.135562,0.412549,0.0111503,0.0404413
0.392475,0.143973,0.403396,0.0139198,0.0462351
0.384685,0.147131,0.394904,0.0180656,0.0552136
0.389448,0.147914,0.399745,0.0149284,0.0479643
0.342191,0.163862,0.351019,0.0461953,0.0967328
0.326489,0.170187,0.334945,0.0611422,0.107237
0.288534,0.199512,0.296707,0.0947995,0.120447
0.333388,0.165795,0.343387,0.0549695,0.102461
0.321301,0.174394,0.32782,0.0645606,0.111924
0.345628,0.175157,0.347696,0.0407036,0.0908153
0.308821,0.18212,0.314801,0.0715003,0.122757
0.359994,0.178018,0.365228,0.0267533,0.0700066
0.358403,0.182422,0.361955,0.0282219,0.0689972
0.347207,0.175208,0.356685,0.0324928,0.0884071
0.341786,0.177302,0.350389,0.036389,0.0941341
0.284974,0.202847,0.292648,0.0811643,0.138367
0.330078,0.184665,0.336627,0.0471317,0.101499
0.322585,0.191583,0.327831,0.0512155,0.106786
0.344665,0.179957,0.351026,0.0366662,0.0876854
0.353953,0.168539,0.363671,0.0323063,0.0815302
0.345747,0.178911,0.353719,0.0339647,0.0876585
0.351398,0.170239,0.360744,0.0326645,0.0849546
0.335017,0.178313,0.344104,0.0427768,0.0997899
0.330833,0.182648,0.338864,0.0449153,0.10274
0.313274,0.19605,0.318128,0.0550959,0.117452
0.352536,0.17507,0.360642,0.0300365,0.0817153
0.344138,0.180469,0.351588,0.0349121,0.0888932
0.35524,0.184378,0.358332,0.0295525,0.0724972
0.348537,0.173947,0.357886,0.0320229,0.0876071
0.357497,0.171687,0.365594,0.027632,0.0775909
0.368557,0.16798,0.375999,0.0220662,0.0653975
0.361599,0.180174,0.365611,0.0262196,0.066397
0.354181,0.179879,0.358342,0.0315763,0.0760226
0.324164,0.172535,0.344205,0.053576,0.10552
0.349476,0.180514,0.354401,0.0354454,0.0801638
0.352254,0.180104,0.354318,0.035148,0.0781757
0.352711,0.182806,0.3566,0.0327317,0.0751517
0.350386,0.185952,0.354124,0.0337183,0.0758188
0.354328,0.192779,0.356432,0.0293719,0.0670895
0.356239,0.193552,0.357901,0.0279027,0.0644056
0.35617,0.193943,0.357726,0.0278966,0.0642647
0.348873,0.196943,0.35032,0.03257,0.0712937
0.341559,0.2001,0.342028,0.0379295,0.0783834
0.330186,0.19557,0.32988,0.0502602,0.094104
0.32242,0.188801,0.317484,0.0636239,0.107671
0.330419,0.186852,0.325024,0.0569725,0.100733
0.360982,0.176161,0.359922,0.0318979,0.071037
0.365397,0.159768,0.367892,0.0312629,0.0756807
0.352321,0.182374,0.346212,0.0402564,0.0788365
0.359061,0.17698,0.356379,0.0341525,0.0734272
0.366914,0.169241,0.368674,0.0277256,0.0674452
0.384308,0.137816,0.396484,0.0195018,0.0618905
0.384562,0.132878,0.402786,0.0196481,0.0601263
0.355424,0.15442,0.365128,0.0384021,0.0866257
0.319847,0.173834,0.322562,0.0668316,0.116926
0.319551,0.175553,0.325695,0.0631905,0.11601
0.343149,0.16347,0.35356,0.0441693,0.0956513
0.357248,0.185846,0.361346,0.0300325,0.0655281
0.358503,0.185705,0.362527,0.0292724,0.0639931
0.358154,0.197591,0.358678,0.0278399,0.0577382
0.372346,0.184043,0.37487,0.0200859,0.0486557
0.351087,0.195302,0.353065,0.0334233,0.0671227
0.340978,0.202202,0.337014,0.0413249,0.0784801
0.336331,0.197606,0.332653,0.0467534,0.0866563
0.314179,0.192591,0.313386,0.0682345,0.111609
0.32683,0.188436,0.319495,0.0612195,0.10402
0.354074,0.183471,0.357897,0.0316269,0.0729312
0.37473,0.16641,0.382195,0.0203492,0.0563147
0.366336,0.166649,0.37343,0.0259867,0.0675978
0.361333,0.170251,0.367693,0.0287929,0.0719294
0.363674,0.176222,0.369249,0.0258791,0.0649767
0.36162,0.177134,0.36703,0.0271298,0.0670867
0.342645,0.179998,0.347399,0.0411092,0.0888486
0.312078,0.181912,0.330075,0.0601726,0.115763
0.298104,0.195852,0.316539,0.0685237,0.120982
0.347776,0.177469,0.354132,0.0336173,0.0870062
0.34362,0.172224,0.349308,0.0393106,0.0955376
0.240716,0.206231,0.222037,0.154294,0.176723
0.261309,0.207044,0.261547,0.117222,0.152878
0.327429,0.19181,0.329332,0.0519206,0.0995089
0.281949,0.194251,0.29118,0.0944486,0.138171
0.341558,0.189686,0.343379,0.0407283,0.0846485
0.342551,0.178904,0.349671,0.0389274,0.0899468
0.334959,0.193919,0.339002,0.0434847,0.0886362
0.338865,0.197238,0.341926,0.0395249,0.0824468
0.315592,0.203909,0.314541,0.0606787,0.105279
0.30187,0.216048,0.299664,0.071199,0.111219
0.355628,0.171452,0.363965,0.0315856,0.0773695
0.366637,0.159668,0.375405,0.0261905,0.0720986
0.343924,0.177255,0.351271,0.0389375,0.0886121
0.344237,0.176569,0.351777,0.0390035,0.088414
0.345887,0.179531,0.3525,0.037494,0.084588
0.352677,0.163526,0.363894,0.0350505,0.0848527
0.374502,0.158887,0.384048,0.0212498,0.0613128
0.371045,0.165985,0.378896,0.0219401,0.0621334
0.364009,0.18585,0.367019,0.0237776,0.0593435
0.36667,0.188174,0.368508,0.0218708,0.0547776
0.355054,0.18926,0.357854,0.0295495,0.0682821
0.347951,0.184084,0.35014,0.0370806,0.0807435
0.347944,0.179378,0.347925,0.0401935,0.0845598
0.349497,0.177221,0.352638,0.0373761,0.0832666
0.3585,0.166521,0.36555,0.0316564,0.0777731
0.350321,0.165301,0.356486,0.0386004,0.0892917
0.377122,0.161563,0.385394,0.0197681,0.0561527
0.383403,0.156157,0.392437,0.0169461,0.0510559
0.388308,0.137583,0.402143,0.0158755,0.0560899
0.378909,0.146805,0.391418,0.0192016,0.0636676
0.368883,0.157715,0.380586,0.0222857,0.0705301
0.36593,0.160338,0.376443,0.0235736,0.0737147
0.376704,0.153616,0.386698,0.0190639,0.0639182
0.379117,0.149705,0.390104,0.0184168,0.0626577
0.381111,0.161742,0.388757,0.0169516,0.0514377
0.38529,0.149053,0.395612,0.0162501,0.0537943
0.376342,0.16285,0.384184,0.0197166,0.056907
0.371005,0.166735,0.378244,0.0226102,0.0614064
0.359513,0.17101,0.364315,0.0308032,0.0743585
0.359672,0.169143,0.36543,0.030643,0.0751112
0.359781,0.167933,0.365418,0.0309966,0.0758722
0.341141,0.171184,0.346382,0.0448063,0.0964859
0.362665,0.171645,0.368907,0.0275449,0.069238
0.359774,0.170783,0.366366,0.0297132,0.0733638
0.366567,0.170824,0.372138,0.0250897,0.0653809
0.362244,0.174738,0.367075,0.0270373,0.0689061
0.36071,0.177011,0.365444,0.026986,0.0698484
0.357074,0.177879,0.36131,0.0295903,0.0741461
0.363395,0.162363,0.372594,0.0254082,0.0762403
0.374705,0.158508,0.383138,0.0201359,0.0635135
0.367604,0.165273,0.375042,0.0230351,0.0690464
0.360606,0.172771,0.366535,0.0267712,0.0733175
0.321421,0.187292,0.326324,0.0525175,0.112446
0.326781,0.181803,0.329834,0.0501409,0.111441
0.343274,0.18163,0.348694,0.0368957,0.0895058
0.338867,0.181206,0.341216,0.042391,0.09632
0.33946,0.184627,0.340154,0.0417591,0.0940005
0.3285,0.193023,0.326998,0.0505023,0.100977
0.238996,0.241717,0.214963,0.147998,0.156325
0.30739,0.208793,0.300558,0.0686799,0.114578
0.311737,0.20847,0.305519,0.063909,0.110365
0.301091,0.217084,0.293186,0.0741604,0.114479
0.308604,0.203066,0.298057,0.0759222,0.114351
0.319483,0.197461,0.309495,0.0670067,0.106555
0.322924,0.192309,0.313395,0.0644774,0.106894
0.329756,0.187859,0.325186,0.0564403,0.100759
0.334762,0.181195,0.329986,0.0544921,0.0995648
0.3538,0.173666,0.353567,0.037597,0.0813698
0.34421,0.175496,0.34285,0.0454698,0.0919738
0.325181,0.188949,0.317263,0.0625958,0.106011
0.333993,0.184402,0.328091,0.0551024,0.0984114
0.328874,0.185411,0.322014,0.0596836,0.104018
0.342793,0.177541,0.337339,0.049367,0.0929606
0.347701,0.17355,0.343659,0.0453951,0.0896949
0.356007,0.174119,0.353323,0.0374841,0.079067
0.356747,0.173454,0.354374,0.0368969,0.0785279
0.360905,0.170366,0.362957,0.031432,0.0743408
0.34894,0.175771,0.34708,0.0419521,0.086257
0.356218,0.17237,0.35575,0.036311,0.0793511
0.370956,0.156731,0.376887,0.0258968,0.0695292
0.365767,0.162229,0.368545,0.0302158,0.0732435
0.37519,0.155538,0.381489,0.0235635,0.0642195
0.381408,0.148307,0.391879,0.0192896,0.0591161
0.383786,0.142866,0.394146,0.0184902,0.0607122
0.376304,0.151329,0.385793,0.021266,0.0653082
0.376851,0.151149,0.386389,0.0207869,0.0648242
0.366063,0.157389,0.370636,0.0289989,0.0769125
0.360025,0.163173,0.361264,0.0345653,0.0809728
0.355025,0.173766,0.354386,0.0368705,0.0799521
0.357315,0.168462,0.356386,0.0362701,0.0815664
0.358791,0.170647,0.360207,0.0321813,0.0781737
0.355652,0.171132,0.356196,0.035224,0.0817957
0.323766,0.182218,0.324442,0.0619979,0.107576
0.312093,0.190187,0.311131,0.0728517,0.113738
0.34239,0.169861,0.33976,0.0498132,0.0981768
0.356683,0.163804,0.358134,0.0372543,0.0841256
0.366555,0.15925,0.373899,0.0277865,0.0725093
0.350224,0.167635,0.352344,0.0406799,0.0891181
0.355186,0.170686,0.356522,0.0363625,0.0812429
0.350533,0.180408,0.352322,0.0365503,0.0801872
0.358531,0.179628,0.360922,0.0304175,0.0705008
0.359271,0.180932,0.362945,0.0286648,0.0681868
0.358,0.180842,0.361448,0.0297664,0.0699433
0.353701,0.184198,0.353666,0.0341834,0.0742505
0.36977,0.171535,0.37628,0.0226065,0.059809
0.367813,0.170845,0.372258,0.0252331,0.0638505
0.376796,0.157431,0.384659,0.0209568,0.060157
0.378001,0.151605,0.388567,0.01911,0.0627163
0.377157,0.154035,0.387448,0.0192566,0.0621027
0.373186,0.160567,0.382019,0.0206285,0.0636002
0.363474,0.165578,0.373204,0.0245768,0.073167
0.347286,0.17533,0.356488,0.0326298,0.0882652
0.352392,0.172271,0.361985,0.0297143,0.0836371
0.343224,0.177739,0.352267,0.0349087,0.0918612
0.339387,0.184638,0.347639,0.0364739,0.091862
0.326668,0.193546,0.333959,0.0443134,0.101514
0.325422,0.193396,0.331907,0.0464223,0.102852
0.326675,0.191029,0.333951,0.0459708,0.102374
0.374327,0.155039,0.38154,0.0220205,0.0670744
0.369069,0.156002,0.377102,0.0251998,0.0726276
0.3797,0.147252,0.388725,0.0205073,0.0638152
0.372795,0.151663,0.381862,0.0240282,0.0696517
0.358413,0.164256,0.367701,0.0306818,0.078948
0.367505,0.158833,0.37613,0.02596,0.0715721
0.381241,0.149124,0.391367,0.0190533,0.0592149
0.384745,0.143109,0.395251,0.0180665,0.0588293
0.371341,0.161046,0.379259,0.0233699,0.0649841
0.378144,0.161369,0.386426,0.0190149,0.0550463
0.359582,0.170665,0.367742,0.0275191,0.074492
0.369943,0.157934,0.379896,0.024426,0.0678004
0.365569,0.178645,0.370707,0.0238911,0.0611879
0.37,0.178485,0.374454,0.0207113,0.0563495
0.373309,0.171796,0.379316,0.0193537,0.056225
0.379698,0.175807,0.383207,0.0153773,0.0459109
0.369365,0.183325,0.372284,0.0203589,0.0546672
0.371474,0.173651,0.37725,0.0200543,0.0575711
0.384239,0.162144,0.391666,0.0150916,0.0468586
0.368369,0.158133,0.379013,0.0254789,0.0690057
0.370918,0.166658,0.37878,0.0226442,0.061
0.379023,0.1555,0.389436,0.0186939,0.0573466
0.378169,0.150962,0.388698,0.0196596,0.0625116
0.366338,0.164254,0.370424,0.0279075,0.0710756
0.372463,0.152874,0.377508,0.026125,0.0710294
0.375067,0.147826,0.380206,0.0245052,0.072396
0.38289,0.141911,0.388524,0.0205901,0.0660852
0.375504,0.151096,0.381387,0.0241664,0.0678473
0.374791,0.156402,0.383121,0.0210871,0.0645994
0.372166,0.169011,0.379133,0.0208749,0.0588148
0.370077,0.1602,0.379332,0.0223411,0.0680501
0.370556,0.162479,0.37812,0.0231962,0.0656484
0.378849,0.152532,0.388368,0.0198437,0.0604078
0.376516,0.153714,0.386489,0.0202321,0.0630481
0.378511,0.15279,0.387188,0.0198158,0.0616944
0.375489,0.154535,0.384117,0.0214301,0.0644291
0.353331,0.183385,0.354754,0.0337375,0.0747921
0.324781,0.196664,0.32052,0.0580433,0.0999925
0.336372,0.195783,0.331844,0.0479866,0.0880137
0.32708,0.202824,0.32355,0.0531046,0.0934412
0.33692,0.200884,0.336352,0.0427389,0.0831055
0.338587,0.2014,0.33864,0.0408836,0.0804901
0.330755,0.206354,0.330849,0.0473112,0.0847304
0.360006,0.180801,0.365,0.027803,0.0663902
0.354463,0.187229,0.356985,0.0309641,0.0703588
0.354016,0.192011,0.356387,0.0297871,0.0677986
0.352349,0.192234,0.354817,0.0309003,0.0696993
0.368053,0.186167,0.370375,0.0213129,0.0540912
0.364636,0.178255,0.369696,0.0247104,0.0627021
0.378657,0.166841,0.385062,0.0180732,0.0513671
0.368826,0.171466,0.375197,0.0233266,0.0611844
0.376991,0.164957,0.384195,0.01935,0.0545069
0.383301,0.161347,0.390755,0.0162317,0.0483651
0.380108,0.161174,0.388227,0.0180217,0.0524683
0.381104,0.149186,0.389543,0.019998,0.0601694
0.370552,0.166063,0.371216,0.0267762,0.0653926
0.348862,0.166467,0.351997,0.043847,0.0888271
0.364102,0.158603,0.371314,0.0308615,0.0751202
0.369239,0.155249,0.381438,0.0256793,0.0683952
0.372021,0.15705,0.383902,0.0231751,0.0638521
0.38246,0.157132,0.3929,0.0175107,0.0499977
0.38823,0.163664,0.394694,0.0134081,0.0400042
0.387077,0.168292,0.391856,0.0130924,0.0396826
0.387988,0.181326,0.384645,0.0115507,0.0344898
0.394023,0.18321,0.382984,0.00963779,0.0301445
0.393757,0.182928,0.383236,0.00971646,0.030362
0.398172,0.176532,0.38924,0.00836777,0.0276889
0.397646,0.176695,0.389409,0.008466,0.0277838
0.399899,0.164643,0.401147,0.00768029,0.02663
0.398242,0.170827,0.395099,0.00815355,0.0276782
0.381601,0.177251,0.383332,0.0150153,0.0428011
0.375343,0.178252,0.37844,0.0183119,0.0496534
0.35945,0.185523,0.363178,0.0270381,0.0648111
0.344264,0.174837,0.349575,0.0413165,0.0900075
0.342261,0.180128,0.343859,0.0436676,0.0900848
0.353602,0.177689,0.356496,0.0343242,0.0778891
0.334376,0.190886,0.329493,0.0515915,0.0936538
0.352757,0.182935,0.354994,0.0337643,0.0755505
0.341535,0.188109,0.339615,0.0439649,0.0867762
0.330882,0.191676,0.326106,0.0543012,0.0970342
0.350953,0.182542,0.350426,0.0371865,0.0788929
0.357878,0.174143,0.360186,0.0326387,0.0751542
0.370688,0.166072,0.37805,0.0231149,0.062075
0.374507,0.166242,0.379378,0.0218663,0.0580076
0.377092,0.164457,0.382029,0.0206459,0.0557763
0.381533,0.160121,0.389965,0.0173136,0.0510676
0.390091,0.145536,0.401499,0.0146175,0.0482568
0.381325,0.157009,0.390468,0.0179074,0.0532895
0.384695,0.157778,0.393436,0.0158653,0.0482247
0.389952,0.142805,0.401644,0.0150608,0.0505382
0.385441,0.149193,0.395843,0.0166269,0.052896
0.390037,0.135834,0.402156,0.0162222,0.0557505
0.392009,0.134742,0.40507,0.0150334,0.0531452
0.385731,0.149442,0.396109,0.0164188,0.0522996
0.388379,0.148526,0.39907,0.0150687,0.0489561
0.392895,0.137153,0.40561,0.014197,0.050146
0.375046,0.160449,0.38323,0.0210606,0.0602143
0.367671,0.167068,0.374579,0.0245845,0.0660982
0.358854,0.175145,0.363553,0.0301028,0.072345
0.35159,0.176925,0.35281,0.0372387,0.0814366
0.337062,0.180354,0.332528,0.0525542,0.0975012
0.35213,0.182377,0.351654,0.0362868,0.0775519
0.345314,0.181947,0.344327,0.0421912,0.0862208
0.359387,0.177904,0.361101,0.0307537,0.0708552
0.35889,0.17563,0.364393,0.0294359,0.0716515
0.350737,0.182471,0.349949,0.0375651,0.0792781
0.381822,0.166299,0.388644,0.0161133,0.0471222
0.386538,0.164092,0.393139,0.0138805,0.0423506
0.385222,0.164618,0.391933,0.0145003,0.0437268
0.383806,0.166476,0.390097,0.0149496,0.0446725
0.392485,0.166175,0.396457,0.0105727,0.0343101
0.378471,0.171915,0.383845,0.0171388,0.0486302
0.384759,0.160182,0.393286,0.0151173,0.0466554
0.379034,0.17806,0.382051,0.0160486,0.0448064
0.375632,0.173185,0.381098,0.0186263,0.0514592
0.36605,0.169575,0.374103,0.0245753,0.0656973
0.360294,0.168036,0.368052,0.0285962,0.0750225
0.36543,0.162612,0.373889,0.026541,0.0715278
0.361415,0.165895,0.370382,0.0286605,0.0736479
0.370774,0.155745,0.383236,0.0236531,0.0665915
0.371279,0.159253,0.382349,0.0226902,0.0644288
0.381894,0.161524,0.390521,0.0165937,0.0494666
0.369408,0.171841,0.376353,0.0226247,0.0597737
0.336897,0.174504,0.345291,0.0452226,0.098085
0.331094,0.16905,0.337632,0.0553173,0.106907
0.363744,0.149163,0.376697,0.0318053,0.0785917
0.366599,0.147106,0.380464,0.0298785,0.075952
0.360637,0.151836,0.374358,0.0326436,0.0805257
0.360123,0.152113,0.373422,0.0331997,0.0811425
0.349847,0.15943,0.361852,0.0392068,0.0896648
0.349922,0.158614,0.360152,0.0407621,0.0905495
0.338954,0.165915,0.34858,0.0472589,0.0992915
0.320461,0.175655,0.327386,0.0615569,0.11494
0.33754,0.189424,0.342035,0.0451789,0.0858217
0.333364,0.204295,0.334726,0.0436852,0.0839291
0.325085,0.213242,0.324294,0.0497372,0.0876414
0.323177,0.200048,0.325318,0.0541957,0.09726
0.325052,0.195988,0.329157,0.0512435,0.0985593
0.321524,0.191362,0.326343,0.0562233,0.104548
0.309945,0.201554,0.313117,0.0636174,0.111767
0.322757,0.180609,0.330222,0.056131,0.11028
0.321798,0.17613,0.328793,0.0598048,0.113474
0.328039,0.171992,0.336138,0.0553287,0.108502
0.365059,0.155083,0.375448,0.0286969,0.0757134
0.359997,0.158007,0.370773,0.0314952,0.0797275
0.374702,0.154076,0.383748,0.0222993,0.0651753
0.37015,0.163099,0.374997,0.0256226,0.066132
0.368814,0.171815,0.368967,0.0267478,0.0636564
0.368716,0.171199,0.371278,0.0256063,0.0632006
0.367222,0.172875,0.369706,0.0261934,0.0640027
0.348552,0.174311,0.3474,0.0421897,0.0875479
0.285822,0.199849,0.285706,0.0945457,0.134077
0.261921,0.214484,0.257078,0.122934,0.143584
0.321232,0.176407,0.335678,0.0562574,0.110426
0.303648,0.18904,0.327876,0.063392,0.116045
0.29582,0.199865,0.317535,0.068157,0.118623
0.301017,0.188659,0.323301,0.066725,0.120298
0.299913,0.192905,0.304387,0.0740096,0.128786
0.287771,0.198563,0.292043,0.0847546,0.136868
0.298927,0.191231,0.32054,0.0681147,0.121186
0.312909,0.188357,0.331757,0.0584213,0.108555
0.330428,0.216408,0.323675,0.0448418,0.0846471
0.346085,0.210632,0.339886,0.0335115,0.0698851
0.330368,0.193543,0.340856,0.0456528,0.0895808
0.338877,0.189539,0.342419,0.0420148,0.0871503
0.351237,0.191835,0.353929,0.0317987,0.0712012
0.345994,0.185594,0.350018,0.0372558,0.081138
0.357249,0.180005,0.362284,0.029649,0.0708127
0.363312,0.175055,0.369584,0.0251997,0.0668495
0.368891,0.170031,0.37531,0.0230867,0.0626815
0.373652,0.159086,0.381816,0.022055,0.0633906
0.36794,0.166902,0.374199,0.0252343,0.0657243
0.358873,0.174607,0.361385,0.0316349,0.0735
0.365834,0.175258,0.371565,0.0245924,0.0627515
0.359456,0.181751,0.364197,0.027708,0.0668891
0.350411,0.181038,0.354947,0.0339983,0.0796053
0.363325,0.17584,0.368981,0.0261891,0.0656652
0.3618,0.176667,0.367281,0.0271016,0.0671508
0.357049,0.174464,0.362962,0.0309523,0.0745728
0.352106,0.175501,0.357116,0.0344824,0.0807943
0.335117,0.180429,0.34565,0.0443147,0.0944896
0.345249,0.194163,0.347912,0.0348247,0.0778511
0.342104,0.185951,0.349433,0.0349922,0.0875193
0.341227,0.185299,0.348166,0.0361295,0.0891775
0.357747,0.167004,0.366744,0.0299254,0.07858
0.358913,0.160792,0.369192,0.0314248,0.0796779
0.353095,0.181597,0.358053,0.0320615,0.0751929
0.326342,0.208872,0.328029,0.0462486,0.0905086
0.324926,0.214982,0.322383,0.0471836,0.0905247
0.317622,0.21631,0.31603,0.0533461,0.0966914
0.328652,0.204217,0.331034,0.0454192,0.0906771
0.34299,0.194497,0.346599,0.0365611,0.0793536
0.341038,0.198675,0.343271,0.038493,0.0785233
0.343159,0.195203,0.346147,0.0374548,0.0780363
0.338622,0.198687,0.341726,0.0387859,0.0821781
0.335686,0.197652,0.33854,0.0420808,0.0860422
0.339832,0.203518,0.340345,0.0391806,0.0771246
0.368059,0.17493,0.370808,0.0248391,0.0613637
0.372298,0.167675,0.374255,0.0245121,0.0612603
0.374709,0.163528,0.38113,0.0217007,0.0589322
0.36582,0.172615,0.372029,0.0251152,0.0644214
0.359798,0.174854,0.365446,0.0289388,0.0709626
0.356158,0.177315,0.361318,0.0310887,0.0741203
0.363465,0.175569,0.369221,0.026136,0.0656086
0.336035,0.177891,0.340632,0.0476041,0.0978374
0.359404,0.179121,0.364374,0.0283356,0.0687656
0.376247,0.176549,0.380279,0.0177105,0.0492138
0.369516,0.183705,0.372415,0.0208004,0.0535632
0.355319,0.18428,0.359611,0.0284391,0.0723517
0.365145,0.180009,0.369752,0.0232414,0.0618528
0.377368,0.181569,0.379466,0.0164142,0.0451832
0.376789,0.184822,0.377827,0.0161668,0.0443951
0.372447,0.181647,0.375415,0.0188563,0.051635
0.372234,0.182326,0.375159,0.0195121,0.0507693
0.380684,0.183066,0.381452,0.0144099,0.0403884
0.372652,0.186359,0.374081,0.0185019,0.0484065
0.350485,0.187523,0.354431,0.0328058,0.0747554
0.35504,0.185032,0.358966,0.030218,0.0707439
0.337861,0.196043,0.338152,0.0427251,0.0852192
0.326515,0.201719,0.329132,0.0484469,0.0941872
0.338593,0.195231,0.34205,0.0400683,0.0840574
0.349081,0.184992,0.353042,0.0346825,0.0782025
0.356633,0.176216,0.361153,0.0311091,0.0748892
0.361229,0.170877,0.36365,0.0294071,0.0748372
0.367639,0.16419,0.374408,0.0236448,0.0701175
0.363952,0.169716,0.369406,0.0256565,0.0712694
0.375914,0.156089,0.384705,0.0201152,0.0631769
0.378569,0.151987,0.387668,0.0198746,0.0619009
0.379558,0.150409,0.389351,0.0194455,0.0612368
0.377814,0.154599,0.385781,0.0207127,0.0610933
0.374129,0.159561,0.38164,0.0218857,0.0627838
0.365686,0.168882,0.370565,0.0266884,0.068179
0.284713,0.212848,0.276069,0.101133,0.125237
0.287276,0.215638,0.276878,0.0993618,0.120846
0.319857,0.197029,0.322929,0.0601798,0.100004
0.316692,0.191314,0.321167,0.064369,0.106458
0.319063,0.194789,0.322643,0.0606594,0.102846
0.308664,0.202355,0.311783,0.0645888,0.112609
0.331473,0.195619,0.336183,0.0434731,0.0932525
0.330175,0.202806,0.332851,0.0447025,0.0894658
0.321507,0.20877,0.322554,0.0533696,0.0937993
0.321962,0.211093,0.322303,0.0531812,0.0914602
0.361203,0.182306,0.365721,0.026288,0.0644816
0.351054,0.187897,0.354786,0.032583,0.0736796
0.328934,0.206589,0.330982,0.0445055,0.0889897
0.318929,0.207519,0.321432,0.0518526,0.100268
0.317662,0.211281,0.31874,0.0530814,0.0992357
0.311536,0.216557,0.310772,0.0627169,0.0984175
0.287876,0.223754,0.281798,0.0902409,0.116331
0.303413,0.220411,0.302605,0.0679056,0.105665
0.30198,0.220868,0.29973,0.0675477,0.109874
0.312345,0.208932,0.311803,0.0617321,0.105188
0.268513,0.229109,0.258522,0.108076,0.135779
0.277625,0.208739,0.275272,0.101218,0.137145
0.255547,0.196737,0.224458,0.149866,0.173392
0.259435,0.195259,0.22415,0.151625,0.169533
0.233778,0.214995,0.207185,0.177191,0.166851
0.241873,0.198751,0.200696,0.180802,0.177878
0.23415,0.233878,0.229749,0.154896,0.147326
0.225181,0.238391,0.216566,0.170821,0.149041
0.207301,0.179592,0.157354,0.246927,0.208827
0.204369,0.181513,0.147169,0.252864,0.214085
0.212438,0.188633,0.144178,0.239786,0.214965
0.223314,0.190026,0.152216,0.218061,0.216383
0.215854,0.198719,0.162008,0.213271,0.210148
0.233219,0.241091,0.186581,0.183573,0.155535
0.228279,0.234486,0.182914,0.191343,0.162979
0.230134,0.231166,0.195551,0.174438,0.168711
0.227099,0.231027,0.188181,0.184457,0.169237
0.224855,0.220549,0.188392,0.208033,0.15817
0.221995,0.213569,0.207408,0.196343,0.160685
0.271683,0.217266,0.256246,0.116038,0.138768
0.27947,0.220917,0.271814,0.105234,0.122565
0.283248,0.210951,0.268131,0.109818,0.127852
0.289202,0.2146,0.280864,0.096153,0.119181
0.351875,0.177371,0.352293,0.0365106,0.0819513
0.371317,0.155357,0.377413,0.0250874,0.0708247
0.359371,0.163282,0.364195,0.0318506,0.0813016
0.348203,0.162967,0.352076,0.0413661,0.0953874
0.336664,0.189036,0.338424,0.0451454,0.0907307
0.351256,0.185628,0.353069,0.0343498,0.0756973
0.36081,0.178986,0.365822,0.0273409,0.0670409
0.368198,0.167438,0.375211,0.022558,0.0665942
0.371435,0.167269,0.379206,0.0214371,0.060653
0.37022,0.171203,0.377177,0.0217617,0.0596389
0.361247,0.175538,0.366971,0.0273474,0.0688964
0.341147,0.194328,0.344854,0.0379702,0.0817013
0.348183,0.187442,0.352373,0.0344717,0.0775308
0.337324,0.194965,0.340993,0.0408337,0.0858839
0.358173,0.184107,0.362158,0.0282626,0.0672991
0.359319,0.180862,0.363913,0.0276087,0.0682976
0.348059,0.176905,0.356208,0.0345489,0.0842786
0.334234,0.195907,0.338594,0.0417866,0.0894782
0.33611,0.19994,0.339224,0.0399762,0.0847499
0.32821,0.196498,0.332411,0.0471968,0.0956833
0.342075,0.189449,0.347418,0.0372253,0.0838323
0.323116,0.203147,0.32549,0.0521658,0.0960818
0.322855,0.197635,0.326088,0.0547285,0.0986938
0.347483,0.174165,0.350609,0.0393918,0.0883516
0.311485,0.202883,0.307662,0.0682252,0.109745
0.309905,0.207029,0.305556,0.0703145,0.107196
0.324443,0.197236,0.3163,0.0615463,0.100475
0.340421,0.190951,0.334251,0.0476008,0.0867764
0.322472,0.192751,0.313727,0.0647171,0.106332
0.323782,0.193556,0.314479,0.0636769,0.104506
0.321567,0.19345,0.312587,0.065457,0.10694
0.363927,0.170264,0.36985,0.0269244,0.0690351
0.344674,0.179199,0.349888,0.0394274,0.0868119
0.33297,0.181922,0.336788,0.0488356,0.0994838
0.3677,0.173608,0.373821,0.0236046,0.0612662
0.368596,0.172832,0.37488,0.0231436,0.0605476
0.374258,0.167521,0.381325,0.0202893,0.0566072
0.378936,0.158107,0.387505,0.0191964,0.056255
0.381336,0.147708,0.393888,0.0187913,0.0582772
0.382625,0.143991,0.392756,0.0193562,0.0612719
0.370064,0.155331,0.376274,0.0275093,0.0708215
0.316039,0.198034,0.312824,0.0704477,0.102655
0.35507,0.175843,0.355951,0.0366973,0.0764383
0.354105,0.190165,0.353454,0.0347764,0.067499
0.350636,0.183432,0.343769,0.0418625,0.0803003
0.333649,0.195074,0.322747,0.0555513,0.0929782
0.334941,0.191082,0.324397,0.0551438,0.0944361
0.346861,0.184567,0.343527,0.0419117,0.0831334
0.305015,0.216805,0.294115,0.0751913,0.108874
0.331944,0.198724,0.326821,0.0524031,0.0901083
0.356304,0.18094,0.354847,0.0341998,0.073709
0.356535,0.177323,0.352251,0.0371691,0.0767226
0.358496,0.172329,0.357203,0.035151,0.0768215
0.364944,0.171474,0.364403,0.029999,0.0691804
0.366031,0.168793,0.365943,0.0295243,0.0697085
0.374046,0.159133,0.377838,0.0243753,0.0646081
0.361011,0.175749,0.359756,0.0321335,0.0713499
0.353582,0.179575,0.348839,0.0391299,0.0788742
0.365805,0.170543,0.366915,0.0287232,0.0680142
0.357143,0.174747,0.354715,0.0362123,0.0771822
0.349434,0.184478,0.344303,0.0411709,0.0806131
0.321409,0.208066,0.321969,0.0562049,0.0923506
0.304306,0.20936,0.304764,0.0744465,0.107123
0.312141,0.210107,0.31235,0.0656981,0.0997033
0.309576,0.205234,0.310886,0.0693111,0.104994
0.320559,0.204007,0.321942,0.0577737,0.0957191
0.335986,0.200702,0.337585,0.0443715,0.0813558
0.330725,0.204763,0.331755,0.0474736,0.0852821
0.358505,0.180805,0.362859,0.0288014,0.0690289
0.36505,0.175471,0.370769,0.0250742,0.0636361
0.347859,0.185858,0.352553,0.0352783,0.0784518
0.330379,0.184318,0.349677,0.0453967,0.090229
0.341665,0.190105,0.34829,0.0387118,0.0812273
0.323713,0.188165,0.344032,0.0496315,0.094459
0.309094,0.190132,0.334277,0.0595409,0.106956
0.31158,0.190425,0.333982,0.0574169,0.106597
0.308392,0.19204,0.333234,0.0583226,0.108011
0.312009,0.188883,0.32895,0.0606095,0.109548
0.328692,0.20173,0.331459,0.0459299,0.092188
0.328177,0.205474,0.3299,0.0467717,0.0896773
0.347572,0.192443,0.349935,0.0347659,0.0752846
0.333491,0.193377,0.330257,0.0505572,0.0923174
0.328357,0.194703,0.324646,0.055109,0.0971841
0.333699,0.191966,0.328985,0.0521931,0.0931565
0.336317,0.188518,0.329857,0.0525428,0.0927657
0.33965,0.185025,0.332515,0.0510874,0.0917235
0.35663,0.172373,0.355412,0.0362301,0.0793549
0.37544,0.153867,0.384575,0.0212324,0.0648861
0.369329,0.162497,0.376596,0.0236898,0.0678884
0.362943,0.172062,0.369074,0.0264828,0.0694385
0.368205,0.163711,0.376631,0.0233976,0.0680547
0.377136,0.152561,0.388108,0.0197002,0.0624949
0.375726,0.161339,0.384486,0.0195678,0.0588815
0.377216,0.160246,0.385477,0.0193141,0.0577479
0.374247,0.16747,0.380882,0.0198781,0.0575232
0.36999,0.16978,0.376692,0.0219627,0.0615761
0.358923,0.175889,0.36439,0.0293404,0.0714579
0.352464,0.178818,0.353932,0.0358036,0.0789819
0.38013,0.161603,0.388355,0.0178822,0.0520298
0.391227,0.15432,0.399324,0.0130501,0.0420791
0.390058,0.152735,0.399228,0.0137845,0.0441946
0.39072,0.152069,0.399857,0.01357,0.0437844
0.389671,0.151133,0.399399,0.0142205,0.0455764
0.391632,0.152239,0.400565,0.0130682,0.0424966
0.399556,0.147,0.408275,0.00996777,0.0352012
0.399787,0.151988,0.406561,0.009229,0.0324348
0.404235,0.147341,0.411263,0.00789472,0.0292656
0.402821,0.148853,0.409855,0.0082812,0.0301903
0.386587,0.152825,0.396379,0.0151956,0.0490136
0.370715,0.160319,0.378756,0.0239741,0.0662354
0.361546,0.166949,0.367673,0.0290782,0.0747544
0.365459,0.166963,0.374439,0.0233329,0.0698067
0.349779,0.173695,0.358113,0.0320567,0.0863565
0.369104,0.176599,0.373004,0.0214271,0.0598653
0.367504,0.186119,0.369638,0.0209125,0.055827
0.364902,0.175911,0.36952,0.0239446,0.0657224
0.361609,0.185244,0.363142,0.0255821,0.0644237
0.36868,0.182447,0.370174,0.0215153,0.0571835
0.367038,0.179901,0.369097,0.0229935,0.0609709
0.35095,0.178796,0.352966,0.0347737,0.0825146
0.357285,0.178517,0.35982,0.0298495,0.074528
0.360697,0.179079,0.364359,0.0265414,0.0693241
0.374681,0.179093,0.377008,0.0185767,0.0506416
0.372611,0.171501,0.378085,0.0198531,0.0579497
0.377582,0.173784,0.380994,0.0170393,0.0506014
0.382027,0.165689,0.387794,0.0163352,0.0481552
0.380002,0.160135,0.388152,0.0180801,0.0536307
0.377622,0.161061,0.38535,0.0191758,0.0567914
0.376912,0.162685,0.384282,0.0192265,0.0568933
0.324083,0.197277,0.313045,0.0631932,0.102402
0.345805,0.17805,0.342495,0.044894,0.0887562
0.328075,0.190564,0.318826,0.0603828,0.102152
0.335911,0.179903,0.331229,0.0538403,0.0991165
0.324976,0.190602,0.316073,0.0628152,0.105535
0.319977,0.194064,0.310586,0.0667339,0.108639
0.328223,0.187944,0.322224,0.0593062,0.102303
0.329317,0.191564,0.325089,0.0558109,0.0982188
