AAPL,NVDA,TSLA
0,0,0
0,0,0
0,0,0
0,0,0
0,0,0
0,0,0
0,0,0
0,0,0
0,0,0
0.204254,0.419008,0.376738
0.210832,0.413809,0.375359
0.274046,0.370643,0.355311
0.282195,0.375822,0.341983
0.245386,0.413336,0.341279
0.254352,0.403914,0.341734
0.263141,0.394862,0.341997
0.262137,0.395887,0.341976
0.260463,0.397602,0.341936
0.271609,0.383934,0.344456
0.282917,0.367767,0.349316
0.29183,0.346546,0.361624
0.351958,0.315557,0.332485
0.379871,0.304913,0.315216
0.253854,0.388227,0.357919
0.276779,0.37192,0.351301
0.332369,0.327948,0.339682
0.28819,0.392417,0.319394
0.315883,0.351631,0.332485
0.28103,0.410646,0.308323
0.215509,0.518891,0.265601
0.214785,0.434598,0.350618
0.242046,0.39258,0.365373
0.222878,0.421051,0.356072
0.217758,0.409941,0.372301
0.218414,0.41985,0.361736
0.241269,0.391705,0.367026
0.275094,0.367543,0.357363
0.291331,0.364403,0.344266
0.276064,0.368988,0.354948
0.285566,0.366967,0.347467
0.29177,0.362773,0.345457
0.294571,0.357953,0.347477
0.299585,0.354541,0.345874
0.300008,0.356072,0.34392
0.298204,0.360403,0.341393
0.283478,0.372711,0.34381
0.284812,0.373043,0.342145
0.298798,0.359605,0.341598
0.268615,0.389312,0.342073
0.287566,0.370525,0.34191
0.289177,0.368731,0.342092
0.276124,0.381804,0.342071
0.269598,0.388322,0.34208
0.251644,0.40674,0.341617
0.274041,0.380877,0.345082
0.2805,0.369535,0.349965
0.283033,0.371932,0.345035
0.273129,0.37887,0.348002
0.276564,0.371381,0.352056
0.272079,0.37296,0.35496
0.256783,0.388257,0.35496
0.275512,0.37482,0.349668
0.275122,0.374668,0.35021
0.278643,0.370569,0.350787
0.283702,0.361108,0.35519
0.291572,0.360577,0.347851
0.298887,0.35136,0.349753
0.306121,0.352393,0.341486
0.293982,0.35877,0.347248
0.283912,0.36572,0.350368
0.294253,0.347667,0.35808
0.315928,0.336231,0.34784
0.375811,0.309541,0.314648
0.369551,0.316279,0.31417
0.293183,0.362063,0.344754
0.28318,0.371798,0.345022
0.275705,0.377207,0.347089
0.282827,0.366747,0.350426
0.291285,0.366369,0.342346
0.293117,0.36467,0.342213
0.286899,0.365287,0.347814
0.283896,0.368445,0.347659
0.289533,0.365875,0.344592
0.293944,0.359853,0.346203
0.292375,0.358831,0.348794
0.296871,0.354679,0.34845
0.29702,0.354216,0.348764
0.290041,0.362513,0.347446
0.288178,0.363419,0.348403
0.257967,0.400169,0.341864
0.260386,0.39768,0.341934
0.255233,0.402998,0.341768
0.269452,0.388469,0.342079
0.212068,0.450166,0.337766
0.227943,0.432242,0.339816
0.218203,0.443153,0.338644
0.20637,0.456781,0.336849
0.225781,0.43464,0.339579
0.235782,0.423647,0.340571
0.276741,0.381193,0.342066
0.258733,0.39938,0.341887
0.236465,0.422907,0.340629
0.220927,0.440074,0.338999
0.268375,0.389554,0.342071
0.252317,0.406036,0.341648
0.269998,0.38792,0.342082
0.2735,0.384415,0.342086
0.264619,0.393357,0.342024
0.277452,0.380037,0.342512
0.282647,0.369673,0.34768
0.292515,0.358794,0.34869
0.270599,0.369648,0.359753
0.268451,0.37106,0.360489
0.252147,0.381897,0.365956
0.243276,0.387885,0.368839
0.244171,0.388048,0.367781
0.199029,0.421499,0.379471
0.226663,0.404003,0.369333
0.278745,0.366686,0.354569
0.300085,0.353562,0.346353
0.302755,0.355074,0.342171
0.305848,0.35249,0.341662
0.308626,0.349325,0.342048
0.274544,0.369345,0.356111
0.200593,0.432791,0.366616
0.228459,0.401414,0.370127
0.294483,0.355446,0.35007
0.248105,0.385647,0.366248
0.228442,0.399041,0.372517
0.220291,0.403741,0.375968
0.218242,0.40518,0.376578
0.209587,0.41131,0.379103
0.205328,0.414358,0.380315
0.223573,0.401445,0.374982
0.230865,0.407525,0.361609
0.236075,0.392799,0.371127
0.18236,0.431185,0.386455
0.18649,0.428107,0.385403
0.189543,0.425847,0.38461
0.200918,0.417536,0.381546
0.19778,0.419812,0.382408
0.192823,0.423433,0.383744
0.198614,0.419206,0.38218
0.212508,0.409232,0.37826
0.220054,0.403908,0.376039
0.24204,0.388726,0.369235
0.259698,0.377729,0.362573
0.242024,0.392607,0.365369
0.256381,0.382173,0.361446
0.266431,0.372392,0.361178
0.279274,0.36398,0.356746
0.281027,0.369903,0.34907
0.272799,0.374511,0.35269
0.282117,0.364195,0.353688
0.297702,0.35686,0.345437
0.375017,0.315511,0.309472
0.377052,0.311758,0.311191
0.297897,0.357567,0.344535
0.330954,0.335891,0.333155
0.362294,0.315347,0.32236
0.302327,0.356043,0.34163
0.300649,0.355739,0.343613
0.30426,0.35091,0.34483
0.260383,0.410525,0.329091
0.234551,0.457103,0.308346
0.26532,0.381852,0.352827
0.303107,0.349958,0.346935
0.300667,0.353935,0.345399
0.294072,0.363153,0.342775
0.282657,0.365874,0.35147
0.322073,0.337714,0.340214
0.280239,0.354376,0.365385
0.270141,0.366053,0.363807
0.249382,0.395247,0.35537
0.254539,0.391636,0.353825
0.275184,0.358793,0.366023
0.317353,0.321452,0.361195
0.352546,0.311299,0.336155
0.338435,0.338458,0.323107
0.242355,0.469128,0.288517
0.23281,0.488284,0.278906
0.223199,0.515394,0.261407
0.23838,0.479005,0.282615
0.236677,0.479952,0.283372
0.234422,0.45585,0.309728
0.263177,0.374542,0.36228
0.277693,0.365896,0.356411
0.296127,0.35312,0.350752
0.289477,0.362807,0.347716
0.291716,0.366497,0.341787
0.252758,0.405575,0.341667
0.264933,0.393037,0.342029
0.285289,0.372802,0.341909
0.268328,0.389601,0.342071
0.27219,0.385723,0.342087
0.259553,0.394419,0.346028
0.269249,0.382291,0.348459
0.277214,0.37931,0.343476
0.294932,0.381787,0.323281
0.299677,0.361221,0.339103
0.228814,0.402956,0.36823
0.262352,0.377687,0.35996
0.280669,0.364082,0.355249
0.274057,0.368599,0.357344
0.290253,0.356884,0.352863
0.294893,0.357673,0.347434
0.289851,0.362753,0.347396
0.278193,0.377153,0.344653
0.278251,0.379476,0.342273
0.283151,0.374678,0.342171
0.278619,0.379337,0.342044
0.282292,0.375727,0.341981
0.284504,0.373567,0.341929
0.292257,0.366072,0.341671
0.306518,0.351775,0.341706
0.30184,0.350858,0.347302
0.299132,0.35561,0.345259
0.303241,0.354213,0.342546
0.303175,0.349234,0.34759
0.29964,0.351303,0.349057
0.29697,0.357978,0.345051
0.266623,0.413976,0.319402
0.271857,0.399606,0.328537
0.284011,0.363836,0.352153
0.289258,0.363629,0.347114
0.301521,0.365331,0.333148
0.264053,0.417231,0.318717
0.254676,0.440753,0.304571
0.279979,0.368754,0.351268
0.27909,0.368985,0.351925
0.294875,0.359923,0.345202
0.274157,0.38376,0.342084
0.286164,0.371583,0.342253
0.29023,0.36802,0.34175
0.29894,0.359668,0.341392
0.308103,0.350805,0.341092
0.304427,0.354194,0.341379
0.302942,0.352331,0.344727
0.269979,0.391783,0.338239
0.263329,0.422717,0.313954
0.287207,0.392476,0.320316
0.267945,0.429575,0.30248
0.248242,0.449068,0.30269
0.227376,0.49809,0.274535
0.214728,0.53761,0.247662
0.225776,0.511404,0.26282
0.305582,0.360616,0.333802
0.30322,0.35225,0.34453
0.291506,0.357203,0.351291
0.312111,0.34218,0.345709
0.337691,0.325312,0.336997
0.324016,0.333064,0.34292
0.290045,0.362565,0.34739
0.286141,0.371243,0.342615
0.277492,0.38045,0.342058
0.263372,0.394585,0.342043
0.28101,0.374256,0.344735
0.266895,0.389509,0.343596
0.279649,0.373741,0.34661
0.286449,0.368482,0.345069
0.288388,0.36592,0.345692
0.292687,0.362912,0.344401
0.353813,0.318836,0.327351
0.37845,0.309569,0.311981
0.400144,0.2969,0.302957
0.363987,0.315619,0.320394
0.327673,0.34002,0.332307
0.330715,0.336032,0.333253
0.282953,0.371014,0.346033
0.278204,0.376099,0.345697
0.273727,0.379173,0.3471
0.312214,0.351278,0.336508
0.282449,0.372212,0.345339
0.289873,0.365659,0.344468
0.286136,0.371979,0.341885
0.295756,0.35683,0.347414
0.277472,0.365227,0.3573
0.221607,0.484773,0.293621
0.196706,0.558077,0.245217
0.174672,0.631773,0.193555
0.221533,0.502362,0.276105
0.206856,0.530277,0.262866
0.228079,0.432146,0.339775
0.252927,0.429354,0.317719
0.243511,0.450151,0.306338
0.285479,0.390448,0.324072
0.285078,0.402129,0.312793
0.292388,0.374127,0.333484
0.243832,0.462367,0.2938
0.263696,0.376954,0.35935
0.256542,0.381281,0.362177
0.294694,0.358473,0.346834
0.268433,0.408678,0.322888
0.253674,0.38357,0.362756
0.277636,0.367393,0.354971
0.27599,0.366479,0.357531
0.284693,0.361217,0.35409
0.283431,0.364142,0.352427
0.283392,0.369608,0.347001
0.280878,0.374255,0.344867
0.289682,0.364031,0.346287
0.290744,0.357492,0.351765
0.284381,0.360669,0.35495
0.281222,0.362715,0.356063
0.284191,0.360791,0.355017
0.280843,0.362961,0.356196
0.274454,0.367123,0.358423
0.269975,0.380956,0.34907
0.261753,0.395851,0.342396
0.258787,0.399324,0.341889
0.279977,0.377999,0.342024
0.280211,0.374547,0.345242
0.265607,0.39199,0.342403
0.273641,0.382206,0.344154
0.282429,0.372393,0.345178
0.293986,0.347756,0.358258
0.342589,0.32171,0.335701
0.282811,0.420313,0.296876
0.209489,0.543678,0.246833
0.223439,0.521137,0.255424
0.274174,0.436483,0.289343
0.294921,0.359674,0.345405
0.282298,0.375585,0.342117
0.29641,0.358176,0.345414
0.296305,0.358672,0.345023
0.283643,0.374406,0.341951
0.264095,0.391518,0.344387
0.244871,0.409187,0.345942
0.241717,0.4139,0.344383
0.231377,0.428456,0.340167
0.274065,0.380523,0.345412
0.297156,0.359822,0.343022
0.291962,0.366355,0.341683
0.300113,0.358266,0.341622
0.306246,0.35048,0.343274
0.306697,0.349152,0.344151
0.305167,0.351931,0.342902
0.299903,0.356647,0.343449
0.297355,0.357779,0.344866
0.28918,0.397296,0.313524
0.282435,0.365643,0.351922
0.265626,0.392334,0.34204
0.273604,0.384311,0.342085
0.293029,0.363911,0.343059
0.277669,0.380275,0.342056
0.290812,0.365849,0.343339
0.284797,0.367126,0.348077
0.281353,0.371587,0.34706
0.287632,0.366388,0.345979
0.27986,0.378114,0.342026
0.270307,0.38761,0.342083
0.298406,0.381917,0.319676
0.295513,0.39538,0.309107
0.292268,0.376776,0.330955
0.289695,0.375644,0.334662
0.289883,0.372044,0.338074
0.294801,0.371393,0.333806
0.276639,0.368394,0.354967
0.276489,0.367687,0.355824
0.28309,0.361504,0.355406
0.263735,0.374173,0.362092
0.282979,0.362967,0.354054
0.280432,0.373108,0.34646
0.276636,0.381297,0.342067
0.293293,0.36508,0.341628
0.292724,0.361658,0.345617
0.289108,0.365405,0.345487
0.321633,0.330246,0.348121
0.378482,0.314347,0.307172
0.271047,0.445935,0.283019
0.255772,0.469877,0.274351
0.227254,0.518569,0.254177
0.195847,0.564612,0.239541
0.207892,0.498007,0.294101
0.225495,0.481774,0.292731
0.249507,0.38836,0.362133
0.292837,0.365476,0.341688
0.344566,0.32302,0.332415
0.326888,0.33704,0.336072
0.295209,0.362404,0.342388
0.295413,0.361276,0.343311
0.292103,0.364826,0.343071
0.285253,0.36913,0.345617
0.290557,0.361046,0.348397
0.289673,0.36263,0.347697
0.294729,0.360016,0.345255
0.298771,0.357191,0.344039
0.299612,0.355808,0.34458
0.29907,0.356536,0.344394
0.201226,0.442665,0.35611
0.33459,0.325531,0.339878
0.284994,0.363555,0.351451
0.288641,0.360885,0.350474
0.300919,0.35158,0.347501
0.304394,0.350661,0.344945
0.303796,0.349725,0.34648
0.297203,0.360414,0.342383
0.295673,0.362579,0.341749
0.289803,0.368409,0.341788
0.223698,0.436965,0.339338
0.271675,0.386238,0.342087
0.272327,0.385585,0.342087
0.263211,0.39479,0.341999
0.244212,0.414584,0.341205
0.245453,0.413264,0.341283
0.250668,0.407762,0.34157
0.260053,0.398022,0.341925
0.252744,0.40559,0.341666
0.274271,0.383646,0.342083
0.268462,0.389466,0.342072
0.248624,0.40991,0.341465
0.255245,0.402986,0.341769
0.257496,0.400655,0.341849
0.266194,0.390932,0.342873
0.269611,0.38758,0.342809
0.274044,0.382915,0.343041
0.273806,0.381345,0.344849
0.288388,0.366608,0.345004
0.278002,0.377431,0.344567
0.277814,0.376023,0.346163
0.304178,0.355137,0.340685
0.28655,0.368674,0.344776
0.303493,0.356683,0.339824
0.336291,0.330427,0.333281
0.353476,0.316825,0.329699
0.342758,0.323716,0.333526
0.359139,0.320215,0.320646
0.297773,0.358549,0.343678
0.281041,0.372516,0.346443
0.280558,0.374254,0.345188
0.274767,0.378051,0.347181
0.289678,0.365167,0.345156
0.284668,0.369443,0.345889
0.271046,0.383105,0.345849
0.262028,0.391401,0.346572
0.263283,0.390382,0.346335
0.27447,0.379284,0.346246
0.292498,0.363586,0.343916
0.281661,0.37518,0.343159
0.28336,0.373492,0.343149
0.285595,0.372505,0.3419
0.287934,0.370236,0.34183
0.294474,0.362538,0.342989
0.295368,0.361934,0.342698
0.283946,0.374111,0.341943
0.302821,0.353945,0.343233
0.298549,0.358857,0.342594
0.295146,0.359869,0.344984
0.277675,0.375097,0.347228
0.237708,0.40886,0.353433
0.239769,0.407877,0.352354
0.244896,0.433647,0.321457
0.221201,0.487864,0.290935
0.233755,0.462645,0.3036
0.218204,0.485309,0.296487
0.254159,0.431916,0.313925
0.253443,0.463764,0.282793
0.254325,0.466034,0.279641
0.268681,0.469926,0.261393
0.294614,0.362736,0.34265
0.312066,0.343946,0.343988
0.312482,0.34221,0.345308
0.288767,0.361669,0.349564
0.30078,0.368008,0.331212
0.297487,0.36803,0.334483
0.30394,0.355025,0.341035
0.293007,0.374741,0.332252
0.29155,0.358956,0.349494
0.283396,0.361831,0.354773
0.229993,0.445774,0.324233
0.27689,0.398408,0.324701
0.260359,0.379618,0.360022
0.228415,0.403095,0.36849
0.211962,0.445739,0.3423
0.201775,0.458979,0.339246
0.202052,0.454234,0.343714
0.206363,0.454444,0.339192
0.231912,0.408208,0.35988
0.30818,0.354514,0.337306
0.306867,0.351755,0.341378
0.250064,0.391809,0.358127
0.260403,0.40935,0.330247
0.295046,0.361446,0.343509
0.291905,0.363409,0.344686
0.295162,0.360401,0.344437
0.309658,0.35082,0.339522
0.292467,0.362474,0.345059
0.286606,0.361643,0.351751
0.282563,0.363548,0.353888
0.26318,0.386815,0.350005
0.303264,0.352793,0.343942
0.295842,0.35556,0.348599
0.269963,0.37301,0.357028
0.282979,0.364458,0.352564
0.295356,0.355801,0.348843
0.295895,0.362596,0.341509
0.269265,0.388657,0.342078
0.266223,0.391728,0.342048
0.270883,0.387032,0.342085
0.287856,0.370311,0.341833
0.288246,0.369934,0.34182
0.281465,0.376538,0.341998
0.304465,0.354507,0.341028
0.290979,0.364019,0.345002
0.28786,0.36376,0.34838
0.281816,0.36803,0.350155
0.279409,0.363893,0.356699
0.282237,0.362889,0.354874
0.269161,0.372958,0.35788
0.286961,0.36237,0.35067
0.274913,0.369688,0.355399
0.276653,0.3699,0.353447
0.296379,0.359084,0.344537
0.299874,0.35664,0.343486
0.274041,0.379755,0.346203
0.263851,0.388312,0.347837
0.27602,0.375567,0.348413
0.291548,0.362099,0.346352
0.298789,0.356442,0.344769
0.298363,0.355435,0.346202
0.280238,0.36596,0.353802
0.274888,0.369238,0.355874
0.237597,0.395238,0.367165
0.211565,0.413382,0.375052
0.216578,0.408804,0.374618
0.165916,0.450386,0.383697
0.204261,0.416576,0.379163
0.199874,0.423947,0.37618
0.191778,0.436148,0.372074
0.225937,0.400971,0.373091
0.263009,0.374654,0.362337
0.28481,0.365075,0.350115
0.284024,0.369919,0.346057
0.276563,0.378288,0.345149
0.285384,0.368758,0.345858
0.263188,0.394814,0.341998
0.287723,0.369503,0.342773
0.274134,0.383782,0.342084
0.260806,0.39725,0.341945
0.274741,0.383178,0.342081
0.284795,0.373283,0.341922
0.285424,0.364898,0.349678
0.288326,0.369857,0.341817
0.284768,0.37038,0.344852
0.292877,0.361672,0.345451
0.354053,0.321728,0.324219
0.302582,0.355449,0.341969
0.297319,0.358248,0.344433
0.377995,0.314793,0.307211
0.349029,0.322448,0.328523
0.340358,0.32631,0.333332
0.350716,0.317476,0.331808
0.317589,0.34756,0.334851
0.356255,0.317282,0.326463
0.293393,0.387158,0.319449
0.28026,0.380093,0.339647
0.300884,0.355122,0.343994
0.295046,0.359652,0.345301
0.2881,0.368914,0.342987
0.268697,0.386863,0.34444
0.278715,0.379242,0.342043
0.276,0.381927,0.342072
0.289136,0.368647,0.342217
0.30186,0.355919,0.342221
0.275595,0.38233,0.342075
0.304122,0.351743,0.344136
0.283516,0.363889,0.352595
0.279711,0.36641,0.35388
0.265199,0.385925,0.348877
0.221663,0.44124,0.337097
0.251742,0.403028,0.345229
0.253801,0.412974,0.333226
0.25472,0.383957,0.361323
0.254578,0.398543,0.34688
0.247978,0.416744,0.335278
0.300249,0.378855,0.320896
0.306333,0.36553,0.328138
0.278846,0.401209,0.319945
0.250798,0.422908,0.326294
0.251097,0.397848,0.351054
0.261027,0.379126,0.359847
0.279719,0.366049,0.354232
0.258365,0.413978,0.327657
0.258386,0.442446,0.299168
0.303768,0.362809,0.333423
0.292438,0.367919,0.339643
0.269194,0.386888,0.343918
0.272637,0.383662,0.343701
0.287486,0.377557,0.334956
0.295402,0.392412,0.312185
0.291057,0.409522,0.299421
0.283928,0.42327,0.292802
0.292046,0.362884,0.34507
0.295825,0.360275,0.3439
0.291081,0.371666,0.337254
0.290837,0.379837,0.329326
0.295737,0.382045,0.322217
0.29292,0.382547,0.324533
0.284027,0.37559,0.340383
0.293101,0.384245,0.322655
0.270851,0.464352,0.264798
0.287965,0.384514,0.327521
0.282769,0.369845,0.347386
0.275447,0.373297,0.351256
0.293791,0.35882,0.347389
0.293575,0.36213,0.344295
0.280934,0.375695,0.343371
0.28914,0.36907,0.341789
0.283582,0.374466,0.341952
0.27222,0.385693,0.342087
0.265516,0.392446,0.342038
0.267736,0.390199,0.342065
0.298408,0.357544,0.344048
0.294849,0.354713,0.350438
0.301656,0.353054,0.34529
0.302586,0.364226,0.333188
0.289684,0.377318,0.332998
0.292811,0.360216,0.346972
0.29428,0.365766,0.339954
0.269353,0.386552,0.344095
0.260166,0.398392,0.341442
0.259218,0.390335,0.350446
0.282604,0.367765,0.349631
0.299856,0.350989,0.349155
0.290719,0.356731,0.352549
0.296378,0.353527,0.350095
0.295999,0.355071,0.34893
0.254534,0.399826,0.345641
0.259059,0.389858,0.351083
0.278146,0.370439,0.351415
0.297525,0.357593,0.344882
0.295273,0.363188,0.341539
0.305062,0.351112,0.343827
0.301249,0.350169,0.348582
0.305433,0.349113,0.345454
0.302938,0.351117,0.345945
0.290424,0.358715,0.350861
0.306004,0.350877,0.343119
0.29459,0.355745,0.349666
0.30312,0.349921,0.34696
0.278061,0.393783,0.328157
0.252378,0.424155,0.323467
0.272565,0.399013,0.328422
0.28551,0.392244,0.322246
0.305945,0.365789,0.328266
0.29501,0.360059,0.34493
0.286885,0.406201,0.306914
0.280001,0.413884,0.306115
0.295885,0.379668,0.324447
0.288983,0.366661,0.344357
0.294365,0.359727,0.345908
0.298668,0.372344,0.328988
0.300586,0.371452,0.327962
0.291725,0.388924,0.31935
0.293419,0.370665,0.335916
0.291911,0.379661,0.328429
0.290257,0.367993,0.341749
0.279635,0.376963,0.343402
0.292931,0.36327,0.343799
0.30523,0.351986,0.342784
0.303667,0.354938,0.341395
0.29793,0.358119,0.343951
0.291895,0.357044,0.35106
0.294351,0.364067,0.341581
0.304825,0.349808,0.345367
0.233305,0.399515,0.367181
0.238783,0.395084,0.366133
0.206869,0.448654,0.344477
0.219419,0.429899,0.350683
0.238498,0.395341,0.366161
0.225884,0.404656,0.36946
0.21762,0.426325,0.356056
0.241482,0.398271,0.360247
0.237057,0.396455,0.366488
0.27272,0.369855,0.357425
0.298745,0.35707,0.344186
0.297974,0.354859,0.347167
0.285052,0.373033,0.341915
0.295157,0.36273,0.342113
0.295405,0.361835,0.34276
0.302817,0.354307,0.342876
0.304349,0.353891,0.34176
0.288088,0.365912,0.346
0.30969,0.349658,0.340652
0.295845,0.358421,0.345734
0.333003,0.329988,0.337008
0.315223,0.347572,0.337204
0.310478,0.349466,0.340057
0.304302,0.354759,0.340939
0.290855,0.361665,0.34748
0.304309,0.354553,0.341138
0.265429,0.392534,0.342037
0.262643,0.394619,0.342738
0.276753,0.378283,0.344964
0.27661,0.377802,0.345587
0.285864,0.369057,0.345079
0.284582,0.368465,0.346953
0.299049,0.365761,0.33519
0.295106,0.35964,0.345255
0.289864,0.368123,0.342014
0.285859,0.372248,0.341893
0.29374,0.355082,0.351178
0.298444,0.353956,0.3476
0.292082,0.35952,0.348398
0.293737,0.364472,0.341791
0.285359,0.36868,0.345961
0.279512,0.37741,0.343078
0.263427,0.39457,0.342003
0.284293,0.37342,0.342288
0.286741,0.371392,0.341867
0.2825,0.375523,0.341976
0.242021,0.416922,0.341057
0.257285,0.400873,0.341842
0.249564,0.408921,0.341515
0.240981,0.418036,0.340983
0.240838,0.418189,0.340973
0.231016,0.428853,0.340131
0.26235,0.395669,0.341981
0.256854,0.401318,0.341827
0.212112,0.450116,0.337772
0.179982,0.48881,0.331208
0.170276,0.501231,0.328493
0.189185,0.477365,0.33345
0.181073,0.487437,0.33149
0.163493,0.51014,0.326367
0.16907,0.502801,0.328129
0.199317,0.465111,0.335572
0.184924,0.482625,0.33245
0.19399,0.47151,0.3345
0.240094,0.418989,0.340917
0.256762,0.401414,0.341824
0.258053,0.40008,0.341867
0.254418,0.403845,0.341737
0.24978,0.408694,0.341526
0.293865,0.364022,0.342113
0.300117,0.356205,0.343678
0.299595,0.358022,0.342384
0.28502,0.369355,0.345626
0.290899,0.367376,0.341725
0.293708,0.364668,0.341625
0.304607,0.351506,0.343887
0.218757,0.433584,0.347659
0.252127,0.394785,0.353087
0.249581,0.391684,0.358735
0.303512,0.360113,0.336375
0.294721,0.361404,0.343875
0.295296,0.360339,0.344365
0.295847,0.358245,0.345908
0.298505,0.358716,0.34278
0.261179,0.379574,0.359247
0.292452,0.383329,0.324219
0.303324,0.367638,0.329039
0.302248,0.36702,0.330732
0.294343,0.384215,0.321442
0.298863,0.379541,0.321596
0.281198,0.373433,0.345369
0.284171,0.372107,0.343722
0.283781,0.370179,0.34604
0.271581,0.386332,0.342087
0.264494,0.393483,0.342022
0.254584,0.403673,0.341743
0.259442,0.39865,0.341908
0.25326,0.405051,0.341689
0.24958,0.408904,0.341516
0.252348,0.406003,0.341649
0.273124,0.369302,0.357574
0.2986,0.357637,0.343763
0.299571,0.358065,0.342364
0.304914,0.351262,0.343823
0.305256,0.352378,0.342366
0.299929,0.352263,0.347808
0.29759,0.357571,0.344838
0.308752,0.349073,0.342175
0.305618,0.351777,0.342605
0.287821,0.367876,0.344303
0.25794,0.399988,0.342072
0.277089,0.380174,0.342737
0.270747,0.387168,0.342085
0.257485,0.400667,0.341848
0.247986,0.410584,0.341431
0.253217,0.405096,0.341687
0.277008,0.380929,0.342063
0.24528,0.413448,0.341272
0.262829,0.39518,0.341991
0.281579,0.376426,0.341995
0.270912,0.386325,0.342762
0.280076,0.377902,0.342022
0.285547,0.372551,0.341902
0.286889,0.371249,0.341863
0.291842,0.364932,0.343226
0.283264,0.374777,0.34196
0.271343,0.38657,0.342087
0.288135,0.369694,0.342171
0.276942,0.380994,0.342064
0.267485,0.390452,0.342063
0.279487,0.378481,0.342032
0.273707,0.384208,0.342085
0.27537,0.382553,0.342077
0.274089,0.38248,0.343431
0.283047,0.374721,0.342232
0.283965,0.374092,0.341943
0.28283,0.3752,0.341969
0.301944,0.356274,0.341782
0.303657,0.350546,0.345797
0.303166,0.349599,0.347235
0.281637,0.362446,0.355917
0.288765,0.357841,0.353395
0.281169,0.362749,0.356082
0.269081,0.371184,0.359734
0.272785,0.368229,0.358986
0.267344,0.372248,0.360408
0.294887,0.353975,0.351139
0.293029,0.358499,0.348472
0.294857,0.363585,0.341558
0.296424,0.362092,0.341484
0.278416,0.379537,0.342047
0.27609,0.381838,0.342072
0.273056,0.384653,0.342291
0.265853,0.391464,0.342683
0.26195,0.394961,0.343089
0.280406,0.375505,0.344089
0.324052,0.338056,0.337893
0.297841,0.356135,0.346024
0.306258,0.349282,0.344459
0.271558,0.371974,0.356467
0.253979,0.389154,0.356868
0.255801,0.383122,0.361076
0.276735,0.367403,0.355862
0.277275,0.366131,0.356594
0.284301,0.362994,0.352705
0.305464,0.352678,0.341858
0.292352,0.36598,0.341667
0.298847,0.359092,0.342061
0.276929,0.370101,0.35297
0.29076,0.364111,0.345129
0.288354,0.365136,0.34651
0.291496,0.364722,0.343782
0.278608,0.368989,0.352403
0.327463,0.325337,0.3472
0.254338,0.383256,0.362405
0.273596,0.364242,0.362162
0.273865,0.37004,0.356096
0.246268,0.399816,0.353916
0.288374,0.361549,0.350078
0.291468,0.36051,0.348022
0.254861,0.395598,0.34954
0.191303,0.504461,0.304236
0.195546,0.429142,0.375312
0.234264,0.39736,0.368376
0.214812,0.41147,0.373718
0.22958,0.399015,0.371404
0.226433,0.400694,0.372872
0.212822,0.411683,0.375495
0.14323,0.477956,0.378814
0.151924,0.474702,0.373375
0.187142,0.438274,0.374584
0.234385,0.395171,0.370444
0.232014,0.40989,0.358096
0.21246,0.423273,0.364268
0.238395,0.395163,0.366443
0.32351,0.329635,0.346856
0.352488,0.321407,0.326105
0.320532,0.330655,0.348813
0.252585,0.405756,0.341659
0.270418,0.387498,0.342084
0.25387,0.404416,0.341714
0.270153,0.387764,0.342083
0.258197,0.399929,0.341874
0.258117,0.400015,0.341869
0.26802,0.389438,0.342541
0.272383,0.384236,0.343381
0.275904,0.379993,0.344103
0.269041,0.387597,0.343362
0.293786,0.359618,0.346596
0.291629,0.361746,0.346625
0.291177,0.363887,0.344935
0.302814,0.35252,0.344666
0.30127,0.352929,0.345801
0.300488,0.358243,0.341269
0.286267,0.371851,0.341881
0.299906,0.353853,0.346242
0.295562,0.357057,0.347381
0.295511,0.356319,0.34817
0.297371,0.352326,0.350303
0.302317,0.35021,0.347473
0.301548,0.354888,0.343563
0.303121,0.352178,0.344701
0.297006,0.354157,0.348837
0.264681,0.377035,0.358284
0.241207,0.393862,0.364931
0.240961,0.412716,0.346323
0.301835,0.355534,0.342631
0.29583,0.362657,0.341513
0.280931,0.377061,0.342008
0.281673,0.376333,0.341994
0.264906,0.393065,0.342029
0.266429,0.39152,0.342051
0.26678,0.391165,0.342055
0.270231,0.387686,0.342083
0.272129,0.385784,0.342087
0.259119,0.398982,0.341899
0.297297,0.382488,0.320215
0.293482,0.388666,0.317852
0.291246,0.400676,0.308078
0.296985,0.386642,0.316372
0.293734,0.384586,0.32168
0.264347,0.401036,0.334617
0.26514,0.390102,0.344757
0.298164,0.355675,0.346161
0.286485,0.37164,0.341875
0.273732,0.384183,0.342085
0.26478,0.393193,0.342027
0.266459,0.39149,0.342051
0.269195,0.388451,0.342354
0.253858,0.404428,0.341714
0.268044,0.384265,0.347691
0.256633,0.400094,0.343274
0.263913,0.390973,0.345114
0.265237,0.388148,0.346615
0.260296,0.397773,0.341931
0.257962,0.400174,0.341864
0.247339,0.411266,0.341394
0.269529,0.388392,0.342079
0.256992,0.401176,0.341832
0.259698,0.398386,0.341915
0.242775,0.416116,0.341109
0.269813,0.388106,0.342081
0.273891,0.384025,0.342085
0.286658,0.368825,0.344517
0.316556,0.335666,0.347778
0.310079,0.343911,0.34601
0.276194,0.372735,0.351071
0.267237,0.375303,0.35746
0.262203,0.378768,0.359029
0.26941,0.373323,0.357266
0.264221,0.376798,0.358981
0.262217,0.377729,0.360054
0.266835,0.374373,0.358792
0.264406,0.375637,0.359956
0.275526,0.368574,0.3559
0.235476,0.400957,0.363566
0.233501,0.398882,0.367616
0.264513,0.376313,0.359174
0.246958,0.388711,0.364331
0.254257,0.382483,0.36326
0.296162,0.355851,0.347988
0.287353,0.36056,0.352087
0.258367,0.381397,0.360236
0.255101,0.383865,0.361034
0.276938,0.367457,0.355604
0.302122,0.349914,0.347964
0.290776,0.357111,0.352113
0.267891,0.37409,0.358019
0.265578,0.375203,0.359219
0.224531,0.422223,0.353246
0.209409,0.435972,0.354618
0.222635,0.41919,0.358175
0.285661,0.360695,0.353644
0.298631,0.359262,0.342106
0.288472,0.359649,0.351878
0.283073,0.367128,0.3498
0.287797,0.36666,0.345544
0.278668,0.376051,0.345281
0.271145,0.385377,0.343478
0.262521,0.393034,0.344445
0.268104,0.387184,0.344712
0.265845,0.389189,0.344966
0.266478,0.388599,0.344923
0.306033,0.356199,0.337768
0.296945,0.363052,0.340003
0.291974,0.364649,0.343377
0.307852,0.345064,0.347084
0.265004,0.376184,0.358812
0.257986,0.381622,0.360391
0.258493,0.381167,0.36034
0.249132,0.397029,0.353839
0.25341,0.384934,0.361656
0.252666,0.384969,0.362365
0.277584,0.36731,0.355107
0.301353,0.354003,0.344644
0.275003,0.382918,0.342079
0.270191,0.387726,0.342083
0.268233,0.389697,0.34207
0.275406,0.382517,0.342077
0.271297,0.386617,0.342086
0.269346,0.388576,0.342078
0.285247,0.372843,0.34191
0.291795,0.366515,0.34169
0.288036,0.370137,0.341827
0.289538,0.368686,0.341775
0.294286,0.363514,0.3422
0.295802,0.360628,0.343569
0.284497,0.364912,0.350591
0.291215,0.36139,0.347395
0.290873,0.357528,0.351599
0.303096,0.350452,0.346452
0.284232,0.373831,0.341936
0.280326,0.377656,0.342018
0.288561,0.369629,0.341809
0.293336,0.365038,0.341626
0.294661,0.363771,0.341567
0.282359,0.374529,0.343112
0.277209,0.376454,0.346338
0.275116,0.378738,0.346146
0.269956,0.382807,0.347237
0.269841,0.384056,0.346103
0.288361,0.36545,0.346188
0.295692,0.358729,0.34558
0.296194,0.356768,0.347037
0.306564,0.350878,0.342557
0.297237,0.357563,0.3452
0.285444,0.357444,0.357112
0.285072,0.364364,0.350563
0.271611,0.371297,0.357091
0.269798,0.37173,0.358472
0.280526,0.365342,0.354132
0.260621,0.377166,0.362214
0.254021,0.38222,0.363759
0.27044,0.37083,0.358729
0.281436,0.36522,0.353344
0.29139,0.358161,0.35045
0.304884,0.349506,0.34561
0.29075,0.3592,0.35005
0.298069,0.356235,0.345696
0.290982,0.361058,0.347959
0.301214,0.345893,0.352892
0.283827,0.365786,0.350387
0.285945,0.366877,0.347178
0.281982,0.367266,0.350752
0.292403,0.362869,0.344729
0.286059,0.368367,0.345573
0.286504,0.367817,0.345679
0.286992,0.369126,0.343883
0.281918,0.373021,0.345061
0.294953,0.36163,0.343417
0.287734,0.370429,0.341836
0.284608,0.373465,0.341927
0.283981,0.374077,0.341942
0.265798,0.39216,0.342042
0.279839,0.378135,0.342026
0.283665,0.373949,0.342386
0.28022,0.376942,0.342838
0.28311,0.370831,0.346059
0.283608,0.3687,0.347692
0.290452,0.367144,0.342405
0.297818,0.360045,0.342137
0.297225,0.359723,0.343052
0.299081,0.35869,0.342229
0.296509,0.360007,0.343484
0.297612,0.360964,0.341424
0.283731,0.37432,0.341949
0.298251,0.360358,0.341391
0.295873,0.362617,0.341511
0.299062,0.358657,0.342281
0.299885,0.357802,0.342313
0.299551,0.354666,0.345784
0.298308,0.360304,0.341388
0.303676,0.355246,0.341078
0.300298,0.357045,0.342657
0.263301,0.379231,0.357467
0.244048,0.398294,0.357658
0.300939,0.346487,0.352573
0.326287,0.329834,0.343879
0.313537,0.345589,0.340874
0.279411,0.375155,0.345435
0.338185,0.326479,0.335336
0.246181,0.403317,0.350502
0.224537,0.448697,0.326766
0.233172,0.419426,0.347402
0.277586,0.367817,0.354597
0.261102,0.384513,0.354385
0.24851,0.414374,0.337115
0.269465,0.400613,0.329922
0.28762,0.367418,0.344962
0.295256,0.358144,0.3466
0.304888,0.363434,0.331678
0.300254,0.354402,0.345345
0.295321,0.360564,0.344115
0.317758,0.345119,0.337123
0.286088,0.401512,0.3124
0.260151,0.415519,0.32433
0.270366,0.384582,0.345052
0.233657,0.433206,0.333137
0.235663,0.430783,0.333554
0.23698,0.411661,0.351359
0.258532,0.379871,0.361597
0.247082,0.389343,0.363575
0.263669,0.376392,0.359939
0.286112,0.363536,0.350352
0.284313,0.365028,0.350659
0.278595,0.379276,0.342129
0.279776,0.378197,0.342027
0.272542,0.38537,0.342087
0.272378,0.385081,0.342541
0.272082,0.383256,0.344661
0.283441,0.368969,0.34759
0.279415,0.369252,0.351334
0.283711,0.367514,0.348775
0.290669,0.363338,0.345993
0.284898,0.373183,0.341919
0.296186,0.360641,0.343174
0.294725,0.363633,0.341643
0.28618,0.371936,0.341884
0.285299,0.372793,0.341908
0.292861,0.36437,0.342769
0.28151,0.375926,0.342564
0.285096,0.372321,0.342583
0.291362,0.366319,0.34232
0.293629,0.363921,0.34245
0.28964,0.368588,0.341772
0.293436,0.362483,0.344081
0.288805,0.365513,0.345682
0.28934,0.360962,0.349698
0.245793,0.387742,0.366465
0.255012,0.380755,0.364233
0.241722,0.390299,0.36798
0.261544,0.376201,0.362254
0.243073,0.390413,0.366514
0.219945,0.409269,0.370785
0.216686,0.415355,0.36796
0.200469,0.460271,0.33926
0.195322,0.485522,0.319155
0.194958,0.514061,0.290981
0.216682,0.467169,0.316149
0.201662,0.501795,0.296543
0.225821,0.452693,0.321486
0.26642,0.383291,0.350289
0.278798,0.367442,0.35376
0.307044,0.352099,0.340856
0.304697,0.35032,0.344983
0.30327,0.355627,0.341104
0.288371,0.369813,0.341816
0.282647,0.37538,0.341973
0.282108,0.375907,0.341985
0.275191,0.382731,0.342078
0.301241,0.357534,0.341225
0.256571,0.389672,0.353757
0.265064,0.408743,0.326193
0.258656,0.432236,0.309108
0.271499,0.37498,0.353521
0.26026,0.381632,0.358108
0.225409,0.446538,0.328052
0.237864,0.429237,0.332898
0.220012,0.440811,0.339177
0.213914,0.442959,0.343127
0.221825,0.420604,0.357571
0.260879,0.378427,0.360695
0.269199,0.370977,0.359824
0.283699,0.361679,0.354622
0.282275,0.362593,0.355132
0.301964,0.351601,0.346435
0.307209,0.349855,0.342935
0.301721,0.354391,0.343888
0.279978,0.376894,0.343129
0.27397,0.380811,0.345219
0.262131,0.392863,0.345006
0.263652,0.394047,0.342301
0.267212,0.389389,0.343398
0.275905,0.380874,0.343221
0.282635,0.374005,0.34336
0.286369,0.37003,0.343601
0.271421,0.386493,0.342087
0.274643,0.383276,0.342081
0.278146,0.370273,0.351581
0.268749,0.379103,0.352149
0.274809,0.37177,0.353421
0.271414,0.373328,0.355257
0.282907,0.366988,0.350105
0.284153,0.367812,0.348035
0.27696,0.374432,0.348608
0.271352,0.375124,0.353524
0.277142,0.367517,0.355341
0.291031,0.359187,0.349782
0.307509,0.349705,0.342786
0.292089,0.357194,0.350717
0.296871,0.354528,0.348601
0.302659,0.349985,0.347355
0.27194,0.36978,0.358279
0.231607,0.40039,0.368003
0.239493,0.394447,0.36606
0.240372,0.393807,0.365821
0.255862,0.382235,0.361903
0.239192,0.394787,0.366021
0.246715,0.388815,0.36447
0.290039,0.358495,0.351465
0.28989,0.357117,0.352993
0.30323,0.349622,0.347148
0.294533,0.35555,0.349917
0.301059,0.352388,0.346553
0.306722,0.3524,0.340879
0.296786,0.360347,0.342867
0.294877,0.35158,0.353543
0.304151,0.347964,0.347885
0.308158,0.349934,0.341908
0.319984,0.338481,0.341536
0.295276,0.372303,0.332421
0.256138,0.433861,0.310002
0.301162,0.359408,0.33943
0.285365,0.363903,0.350732
0.301148,0.353011,0.345841
0.305055,0.351749,0.343196
0.289966,0.36772,0.342313
0.286111,0.372003,0.341886
0.273657,0.384258,0.342085
0.296755,0.361778,0.341467
0.287977,0.369902,0.342121
0.289438,0.368783,0.341779
0.296667,0.360641,0.342692
0.305263,0.349975,0.344762
0.305913,0.352108,0.341978
0.296348,0.362164,0.341487
0.300228,0.357522,0.34225
0.298651,0.3576,0.343749
0.280977,0.376145,0.342878
0.282965,0.375069,0.341966
0.286398,0.371427,0.342174
0.294552,0.363253,0.342195
0.284303,0.373762,0.341934
0.282338,0.375682,0.34198
0.291188,0.367098,0.341714
0.301754,0.353851,0.344395
0.30041,0.356895,0.342695
0.284385,0.367818,0.347796
0.302574,0.369887,0.327539
0.284573,0.365085,0.350342
0.291017,0.360769,0.348214
0.285805,0.369595,0.344599
0.278696,0.373594,0.34771
0.284013,0.369191,0.346796
0.288484,0.36668,0.344835
0.286238,0.368427,0.345334
0.296119,0.360249,0.343632
0.296645,0.361882,0.341473
0.302379,0.356463,0.341158
0.293294,0.361981,0.344724
0.291357,0.364813,0.343829
0.298675,0.356054,0.345271
0.296877,0.355039,0.348084
0.302867,0.349755,0.347378
0.303078,0.350678,0.346245
0.299941,0.351308,0.34875
0.296445,0.352917,0.350638
0.298421,0.352541,0.349038
0.299594,0.353021,0.347386
0.308269,0.354736,0.336995
0.295513,0.357244,0.347243
0.291952,0.364113,0.343935
0.289403,0.368548,0.342049
0.307738,0.354054,0.338208
0.302908,0.353189,0.343903
0.301069,0.356885,0.342045
0.300602,0.356015,0.343382
0.306974,0.349346,0.34368
0.298715,0.356974,0.344312
0.298505,0.358065,0.34343
0.296007,0.360326,0.343667
0.298152,0.359041,0.342807
0.293517,0.359316,0.347167
0.287997,0.363686,0.348318
0.293417,0.358886,0.347697
0.282508,0.367942,0.34955
0.280427,0.369131,0.350442
0.281425,0.365102,0.353473
0.264875,0.417173,0.317952
0.268724,0.424546,0.30673
0.271293,0.404161,0.324546
0.289833,0.365004,0.345163
0.308693,0.349263,0.342044
0.296081,0.355472,0.348446
0.30268,0.352048,0.345272
0.296414,0.356089,0.347497
0.298322,0.35772,0.343958
0.30129,0.355028,0.343682
0.298963,0.358933,0.342104
0.297821,0.360766,0.341413
0.306018,0.351635,0.342348
0.271476,0.372431,0.356093
0.29658,0.354714,0.348706
0.296591,0.354216,0.349192
0.288928,0.365802,0.34527
0.256008,0.383376,0.360616
0.213468,0.415118,0.371414
0.264659,0.399566,0.335775
0.273584,0.369036,0.35738
0.22671,0.403921,0.369369
0.231033,0.396267,0.3727
0.243497,0.387736,0.368768
0.218966,0.404671,0.376363
0.226367,0.399499,0.374134
0.231547,0.395912,0.372541
0.235857,0.392947,0.371195
0.269232,0.370546,0.360221
0.276236,0.365959,0.357805
0.266283,0.372489,0.361228
0.284549,0.36056,0.354891
0.24548,0.442393,0.312127
0.205702,0.553009,0.241289
0.228143,0.508196,0.26366
0.25591,0.433758,0.310332
0.298147,0.357209,0.344643
0.308262,0.355789,0.335949
0.272766,0.376024,0.35121
0.230205,0.465057,0.304739
0.274286,0.371729,0.353985
0.304093,0.350735,0.345172
0.296518,0.362003,0.341479
0.255753,0.402459,0.341788
0.265789,0.392169,0.342042
0.28196,0.376053,0.341988
0.306958,0.352039,0.341003
0.306871,0.351558,0.341571
0.301623,0.356051,0.342326
0.267687,0.390248,0.342065
0.296139,0.360777,0.343085
0.29532,0.363088,0.341592
0.279297,0.378669,0.342035
0.301917,0.356897,0.341186
0.294669,0.363764,0.341567
0.297626,0.360892,0.341482
0.299928,0.35465,0.345422
0.287814,0.359483,0.352704
0.264149,0.376495,0.359355
0.256795,0.379751,0.363454
0.240202,0.393122,0.366675
0.27064,0.369621,0.359739
0.255518,0.379638,0.364843
0.251775,0.382146,0.366079
0.228914,0.397732,0.373354
0.213355,0.409182,0.377463
0.216982,0.406639,0.376379
0.222004,0.402541,0.375455
0.240545,0.389743,0.369712
0.228144,0.398266,0.37359
0.255424,0.379701,0.364875
0.251535,0.382308,0.366158
0.260565,0.376275,0.36316
0.239957,0.390144,0.369899
0.255557,0.380315,0.364128
0.27266,0.368296,0.359043
0.278192,0.366888,0.354921
0.290441,0.360404,0.349155
0.283307,0.361364,0.355329
0.291774,0.363965,0.344261
0.280438,0.369027,0.350535
0.263962,0.377357,0.358681
0.273122,0.373534,0.353344
0.290328,0.363997,0.345675
0.274388,0.383529,0.342083
0.280106,0.37617,0.343724
0.28318,0.373638,0.343182
0.28223,0.371504,0.346266
0.289489,0.362763,0.347748
0.298343,0.352206,0.349451
0.284127,0.360833,0.35504
0.282978,0.362196,0.354826
0.284269,0.360868,0.354863
0.282276,0.362337,0.355386
0.266853,0.372113,0.361034
0.269809,0.370167,0.360024
0.267079,0.374813,0.358108
0.274326,0.370041,0.355633
0.304181,0.352269,0.34355
0.301343,0.357274,0.341383
0.289901,0.368337,0.341762
0.272569,0.385344,0.342087
0.284314,0.373752,0.341934
0.28979,0.367693,0.342517
0.300788,0.353989,0.345223
0.291148,0.360173,0.348679
0.297905,0.35643,0.345665
0.291044,0.360652,0.348304
0.300595,0.35077,0.348634
0.294148,0.354386,0.351466
0.252978,0.383884,0.363138
0.25474,0.383264,0.361996
0.237667,0.396395,0.365938
0.292491,0.356941,0.350568
0.290532,0.365622,0.343846
0.278689,0.430182,0.291129
0.28011,0.387746,0.332144
0.289529,0.390184,0.320287
0.292979,0.365485,0.341536
0.290218,0.372173,0.337609
0.299007,0.358861,0.342132
0.299342,0.356696,0.343961
0.300835,0.356072,0.343093
0.299662,0.364613,0.335725
0.263196,0.377961,0.358843
0.276967,0.367183,0.355849
0.246695,0.421396,0.331909
0.234043,0.475924,0.290033
0.222847,0.509436,0.267717
0.221031,0.510083,0.268886
0.237034,0.471415,0.291551
0.186673,0.57907,0.234258
0.207167,0.549965,0.242868
0.194212,0.582015,0.223773
0.220073,0.522171,0.257756
0.216098,0.528117,0.255785
0.237605,0.479069,0.283325
0.375804,0.31491,0.309285
0.321504,0.338078,0.340417
0.274383,0.368847,0.35677
0.223143,0.469124,0.307733
0.259334,0.398073,0.342593
0.253567,0.383823,0.36261
0.27869,0.36436,0.35695
0.232909,0.398761,0.368329
0.229085,0.401328,0.369587
0.236174,0.396306,0.36752
0.178116,0.543272,0.278612
0.165931,0.588114,0.245955
0.16963,0.581744,0.248626
0.189453,0.534976,0.275571
0.195217,0.524945,0.279838
0.184285,0.562866,0.252849
0.194722,0.509241,0.296037
0.29581,0.349526,0.354664
0.282662,0.361781,0.355557
0.273133,0.367987,0.35888
0.266194,0.382344,0.351461
0.254955,0.394637,0.350408
0.253891,0.398161,0.347947
0.240234,0.418838,0.340928
0.248967,0.409535,0.341498
0.246488,0.412167,0.341345
0.256995,0.399308,0.343696
0.265152,0.384775,0.350073
0.256175,0.402021,0.341803
0.244696,0.414068,0.341236
0.265224,0.392742,0.342034
0.267256,0.390684,0.342061
0.266083,0.39187,0.342046
0.284236,0.373686,0.342078
0.281076,0.376919,0.342005
0.271684,0.386229,0.342087
0.268534,0.389202,0.342264
0.262674,0.395338,0.341988
0.269757,0.388162,0.342081
0.268118,0.389813,0.342069
0.264049,0.393936,0.342014
0.259901,0.398178,0.341921
0.28527,0.371679,0.343052
0.27789,0.380057,0.342054
0.282854,0.375177,0.341969
0.282926,0.373358,0.343716
0.281035,0.371124,0.347841
0.290247,0.363463,0.34629
0.283912,0.369566,0.346522
0.288713,0.369482,0.341804
0.289461,0.368761,0.341778
0.270914,0.387,0.342086
0.270879,0.387036,0.342085
0.283215,0.374824,0.341961
0.284822,0.373257,0.341921
0.291236,0.367052,0.341712
0.279294,0.378672,0.342035
0.283855,0.374199,0.341946
0.301179,0.357592,0.341229
0.298927,0.352474,0.348599
0.277054,0.367493,0.355453
0.256193,0.38231,0.361497
0.278035,0.36609,0.355875
0.299683,0.352177,0.34814
0.295156,0.355431,0.349413
0.293051,0.361288,0.345661
0.252631,0.406075,0.341293
0.249263,0.453219,0.297518
0.224187,0.482783,0.29303
0.230552,0.452816,0.316632
0.226135,0.440746,0.333119
0.200705,0.500806,0.298489
0.183985,0.518888,0.297127
0.180264,0.514625,0.305111
0.174827,0.527274,0.297899
0.174168,0.511707,0.314125
0.195046,0.48499,0.319964
0.198771,0.464774,0.336455
0.213874,0.408263,0.377863
0.217679,0.405577,0.376744
0.222199,0.402405,0.375396
0.242252,0.388581,0.369167
0.254643,0.380224,0.365133
0.257753,0.378146,0.3641
0.255119,0.38365,0.361231
0.252965,0.38697,0.360064
0.25143,0.392055,0.356515
0.241381,0.405635,0.352984
0.269079,0.388845,0.342077
0.278768,0.377365,0.343867
0.279861,0.375701,0.344438
0.286948,0.366018,0.347034
0.29109,0.362609,0.346302
0.296538,0.357799,0.345663
0.291258,0.36703,0.341711
0.29357,0.364814,0.341616
0.298184,0.356765,0.345051
0.284237,0.362501,0.353262
0.281272,0.364393,0.354335
0.273404,0.370315,0.356281
0.297349,0.353706,0.348945
0.304398,0.349224,0.346378
0.28621,0.361358,0.352432
0.292596,0.356222,0.351182
0.259886,0.379542,0.360572
0.19589,0.432165,0.371945
