AAPL,MSFT,AMZN,NVDA,GOOGL,GOOG,META,BRK.B,TSLA,UNH,AMD,GM
0,0,0,0,0,0,0,0,0,0,0,0
0,0,0,0,0,0,0,0,0,0,0,0
0,0,0,0,0,0,0,0,0,0,0,0
0,0,0,0,0,0,0,0,0,0,0,0
0,0,0,0,0,0,0,0,0,0,0,0
0,0,0,0,0,0,0,0,0,0,0,0
0,0,0,0,0,0,0,0,0,0,0,0
0,0,0,0,0,0,0,0,0,0,0,0
0,0,0,0,0,0,0,0,0,0,0,0
0.061973,0.172594,0.0831945,0.0590991,0.0407786,0.0582776,0.145612,0.0447886,0.0677058,0.0570169,0.0681981,0.140762
0.0656038,0.172287,0.0819295,0.0599123,0.0384775,0.0579594,0.150732,0.0438571,0.0676418,0.0565587,0.0669458,0.138095
0.0515312,0.195034,0.0827235,0.0526271,0.0412001,0.0460674,0.148226,0.0447113,0.0623474,0.049354,0.0730015,0.153176
0.0576629,0.183441,0.0800853,0.0540271,0.0353214,0.050136,0.160198,0.0421012,0.0669719,0.0521314,0.0672476,0.150676
0.0541854,0.183047,0.082009,0.0550834,0.03879,0.051144,0.147491,0.0437927,0.0673115,0.052265,0.0719281,0.152953
0.0544096,0.16245,0.0808629,0.0617338,0.0399205,0.0558383,0.134667,0.0463294,0.0677418,0.0574405,0.0753927,0.163214
0.0567632,0.146118,0.0809896,0.055781,0.0391395,0.0510373,0.147334,0.0481875,0.0697455,0.0596509,0.0672854,0.177968
0.054571,0.139161,0.0792448,0.0568308,0.0381797,0.0539089,0.144249,0.0467222,0.0725037,0.0608901,0.0666003,0.187138
0.0504237,0.156805,0.0806877,0.0529292,0.0377893,0.0504831,0.146536,0.04579,0.0693933,0.0576877,0.0668143,0.184661
0.0470239,0.153977,0.0726448,0.0584158,0.0379531,0.0542264,0.145673,0.0441985,0.0730405,0.0556814,0.0697016,0.187463
0.05298,0.161371,0.0737586,0.0600598,0.0447924,0.0576231,0.137691,0.0459687,0.0733336,0.0575966,0.0676982,0.167126
0.0539895,0.149977,0.0667067,0.0690337,0.0439689,0.0611521,0.134234,0.0487615,0.0711278,0.0619542,0.067963,0.171131
0.0542902,0.143435,0.0691104,0.0679484,0.0471342,0.0633171,0.128752,0.0529134,0.0776642,0.0646285,0.0704712,0.160336
0.0609391,0.13356,0.0684509,0.0617251,0.045597,0.0602128,0.138718,0.0571459,0.0842719,0.0658816,0.0676988,0.1558
0.060059,0.124768,0.0674222,0.0624174,0.044611,0.064793,0.135141,0.0569063,0.0856194,0.0699865,0.0642047,0.164072
0.0574635,0.110635,0.0697774,0.0612388,0.0458433,0.0698191,0.127016,0.061407,0.0931846,0.0792965,0.0625993,0.161719
0.061018,0.107788,0.0707498,0.0553176,0.037893,0.0667775,0.131656,0.0544839,0.0876797,0.0790294,0.0562085,0.191398
0.0532494,0.118598,0.0667063,0.0611246,0.0377163,0.0625642,0.133385,0.0532532,0.0874897,0.0706311,0.0644593,0.190823
0.049523,0.122969,0.0664437,0.0654786,0.0382605,0.0607909,0.132329,0.0541219,0.085315,0.0675269,0.0719873,0.185254
0.04426,0.138191,0.0660602,0.0602833,0.0397695,0.0556072,0.144083,0.0538037,0.0874454,0.0606341,0.0777545,0.172108
0.0557075,0.142058,0.0698295,0.0533595,0.0396459,0.0512197,0.159323,0.0541174,0.0871741,0.0577181,0.0743529,0.155495
0.0610925,0.147306,0.0703266,0.0513085,0.0412966,0.0526081,0.165889,0.0537483,0.0886096,0.056956,0.0764471,0.134412
0.0585618,0.143936,0.0698622,0.0538682,0.0391967,0.051084,0.15704,0.0548535,0.0824346,0.0573791,0.0755024,0.156282
0.0559615,0.149868,0.0689788,0.0550261,0.0381233,0.0518458,0.157138,0.0530789,0.0834752,0.0558078,0.0783807,0.152315
0.0570821,0.150688,0.0718108,0.054263,0.0396097,0.0511613,0.153842,0.0534262,0.0811878,0.0558107,0.0775875,0.153531
0.057204,0.143757,0.0732638,0.0577131,0.0401454,0.0500894,0.146026,0.0558049,0.0774833,0.05816,0.077233,0.16312
0.0641494,0.118841,0.0757651,0.064994,0.0454793,0.0589522,0.134814,0.0584327,0.0828019,0.0633871,0.0806489,0.151735
0.0689241,0.100346,0.0761296,0.0663189,0.0494438,0.0631359,0.130755,0.0664182,0.0936664,0.0716816,0.0794286,0.133752
0.0649042,0.0977672,0.0769585,0.069188,0.0515004,0.0680372,0.116488,0.0673731,0.0943487,0.077112,0.0783651,0.137957
0.0669767,0.0922726,0.07752,0.0720998,0.0530277,0.0748612,0.114761,0.0685307,0.0932027,0.0831114,0.0745887,0.129048
0.064231,0.0929192,0.0773209,0.0733526,0.0444682,0.0720639,0.116758,0.0615268,0.0869638,0.0794627,0.0754468,0.155486
0.062027,0.0981339,0.0795894,0.0657592,0.0399811,0.0669184,0.122728,0.0602669,0.0802888,0.0783489,0.069194,0.176765
0.060513,0.100479,0.0750214,0.0737007,0.0408482,0.0684493,0.120463,0.0569955,0.081058,0.0745048,0.0748883,0.173079
0.0579525,0.0987291,0.078806,0.0650375,0.0374977,0.0679827,0.117186,0.0570829,0.0816924,0.0818622,0.0670983,0.189073
0.0631565,0.111036,0.0803401,0.0607901,0.0403795,0.0635151,0.127285,0.0583271,0.0756117,0.075982,0.0652686,0.178308
0.0537811,0.137071,0.0749516,0.0644977,0.0414537,0.0557805,0.137018,0.0543759,0.0700779,0.0656903,0.0712206,0.174081
0.0652983,0.126141,0.075817,0.0532175,0.0387272,0.05312,0.145466,0.0564176,0.0771223,0.06471,0.0654669,0.178496
0.0547875,0.187912,0.0820467,0.0544211,0.038348,0.0415802,0.151108,0.0478818,0.0568892,0.0559787,0.0673607,0.161686
0.0463765,0.227319,0.0833703,0.0540765,0.0384941,0.042178,0.141989,0.0411963,0.0527581,0.0499476,0.0699892,0.152305
0.0464078,0.269657,0.0868025,0.041706,0.0356981,0.0339846,0.145876,0.0389543,0.0479633,0.0476364,0.0576464,0.147668
0.0507132,0.219855,0.0838908,0.0554394,0.0421524,0.0449429,0.139369,0.043793,0.0540853,0.0518085,0.0696571,0.144294
0.0572775,0.231186,0.0900797,0.0567395,0.0463674,0.0484364,0.125279,0.0422025,0.0500809,0.0524921,0.0681338,0.131726
0.0566744,0.239944,0.0915134,0.0555007,0.0446364,0.0465236,0.126547,0.0402102,0.0483052,0.05144,0.0670041,0.1317
0.0516699,0.283679,0.0809508,0.05,0.0400005,0.045367,0.134459,0.0401913,0.0464855,0.0450503,0.0670416,0.115106
0.0509769,0.250944,0.0817115,0.0536137,0.041473,0.0476324,0.135347,0.044823,0.0526553,0.0487021,0.0717979,0.120323
0.0475441,0.257409,0.0845248,0.0538538,0.0402481,0.0503907,0.126996,0.0441228,0.0516266,0.048265,0.0727903,0.122229
0.0357586,0.304044,0.0884725,0.0408446,0.0327309,0.0400343,0.149641,0.0415201,0.0502001,0.0404211,0.0601974,0.116135
0.0355037,0.257865,0.0909066,0.0440376,0.0376106,0.0430539,0.153678,0.0456879,0.0569163,0.0435996,0.0665039,0.124637
0.0438433,0.200647,0.0855531,0.0454722,0.0433074,0.0475093,0.170109,0.0524582,0.0690926,0.0484945,0.06985,0.123664
0.0455243,0.174462,0.0818787,0.0558953,0.0455703,0.0536842,0.144745,0.0569151,0.0718689,0.0554685,0.0800723,0.133915
0.0432125,0.189796,0.0764901,0.054264,0.0415598,0.0490585,0.143565,0.0512577,0.0690839,0.0522027,0.0809933,0.148517
0.0426512,0.166541,0.0695325,0.0610485,0.0420216,0.0540463,0.140166,0.0490744,0.0749271,0.0555059,0.0825149,0.161971
0.0418779,0.185777,0.0708245,0.0582485,0.0424523,0.052485,0.142056,0.0458193,0.0693163,0.0527794,0.0819982,0.156366
0.0437822,0.188675,0.0783337,0.0569662,0.0448114,0.0508041,0.135596,0.0479654,0.0683915,0.0530535,0.0812557,0.150365
0.0412316,0.209895,0.0804865,0.0516634,0.043679,0.045366,0.136678,0.0463981,0.0636313,0.049228,0.078249,0.153493
0.044376,0.205144,0.0816436,0.0493554,0.0389761,0.042284,0.144039,0.0497673,0.0643478,0.0484677,0.0764438,0.155155
0.046022,0.14399,0.0728956,0.0696724,0.0425102,0.0569678,0.128039,0.0514545,0.0718424,0.062131,0.0804418,0.174033
0.0475583,0.132851,0.0747153,0.0717324,0.042744,0.0610129,0.121283,0.050644,0.0732163,0.0659029,0.079791,0.178548
0.0413305,0.17067,0.0753869,0.0645673,0.0412404,0.052104,0.129188,0.0459828,0.0659112,0.0565886,0.0801972,0.176833
0.0446911,0.189894,0.0798921,0.058415,0.0406848,0.0471501,0.139312,0.0435034,0.0595011,0.0529757,0.0749554,0.169026
0.0447054,0.155574,0.0774092,0.0631352,0.0419104,0.0528479,0.134476,0.0465164,0.0681445,0.0589441,0.076604,0.179732
0.0461574,0.167559,0.0786425,0.0650862,0.0430236,0.0522843,0.130664,0.0473403,0.0640398,0.057524,0.0799602,0.167719
0.0497329,0.151771,0.0757846,0.0607705,0.0411328,0.0528121,0.136843,0.0513268,0.0703215,0.0624186,0.0719048,0.175181
0.0476335,0.154413,0.075592,0.060936,0.0405769,0.0537426,0.134881,0.0500055,0.070559,0.0616742,0.072447,0.177539
0.0542994,0.149286,0.080623,0.062361,0.040278,0.0584871,0.127884,0.0490642,0.0693886,0.0645211,0.0718833,0.171924
0.0558738,0.123529,0.0754677,0.0653348,0.0396624,0.0595582,0.130351,0.0529994,0.0734273,0.0706509,0.0686161,0.184529
0.052395,0.145189,0.0763467,0.0608723,0.0389016,0.052448,0.140599,0.049996,0.0691183,0.0617999,0.0708828,0.181452
0.0536667,0.130402,0.0740185,0.0692915,0.0372184,0.0585528,0.130519,0.0475931,0.0689223,0.0654199,0.0724319,0.191964
0.0640006,0.129293,0.0779681,0.0662052,0.0376627,0.0563833,0.137957,0.0495909,0.0688594,0.0644158,0.0708016,0.176862
0.0630685,0.127874,0.0746957,0.062427,0.0386823,0.0571895,0.145728,0.0516933,0.0787748,0.0616991,0.0738704,0.164298
0.0675421,0.14734,0.0785326,0.0505506,0.0426478,0.0514731,0.152748,0.0510852,0.0787868,0.0566543,0.068561,0.154078
0.0611631,0.150247,0.0786954,0.0561902,0.0454208,0.0551484,0.141381,0.0496786,0.0777243,0.0578753,0.0710428,0.155433
0.0653189,0.15651,0.0776331,0.056582,0.0475952,0.0549146,0.139368,0.0504743,0.0761411,0.0577664,0.0692387,0.148457
0.0689916,0.141605,0.0784788,0.0598248,0.0514461,0.0584107,0.137227,0.0527528,0.0778766,0.0617283,0.0681425,0.143515
0.0674538,0.137121,0.0718135,0.0663383,0.0484494,0.0622905,0.132485,0.0532268,0.0758696,0.0646027,0.0680782,0.152271
0.0641086,0.14418,0.0696577,0.0627477,0.0451713,0.0594492,0.136838,0.0530564,0.0779686,0.0618998,0.0689011,0.156022
0.0631402,0.126586,0.0700292,0.0674956,0.0449309,0.0635425,0.129951,0.0551996,0.0806705,0.0671538,0.071197,0.160103
0.0702238,0.153696,0.0727286,0.0487891,0.0388089,0.0481134,0.164716,0.0505093,0.0781683,0.054113,0.0665518,0.153581
0.0505902,0.131995,0.0672924,0.0658177,0.0394302,0.0591602,0.137571,0.053343,0.0823021,0.0622037,0.0792564,0.171039
0.0491678,0.146878,0.0702988,0.0576276,0.0349693,0.0504365,0.144455,0.0522425,0.0697177,0.0627468,0.0690823,0.192378
0.0508004,0.157954,0.0749076,0.0548837,0.0356989,0.0475463,0.143458,0.0534546,0.0665221,0.0635839,0.0674976,0.183693
0.0489799,0.16071,0.0735513,0.0564635,0.0369649,0.0482341,0.141553,0.0535983,0.0683453,0.0626942,0.0694924,0.179412
0.0560246,0.143969,0.0744048,0.0532406,0.0361056,0.0506155,0.141789,0.056785,0.0737069,0.0665803,0.0653097,0.181469
0.0630959,0.151991,0.0837716,0.0421196,0.0312783,0.0444534,0.142506,0.0509716,0.0669025,0.0689554,0.054116,0.199839
0.0573189,0.150531,0.0733281,0.0506547,0.0336403,0.0463039,0.151663,0.0544265,0.0725858,0.0619555,0.064717,0.182876
0.0550108,0.156584,0.0792826,0.0542959,0.0359206,0.0473371,0.142935,0.0527444,0.066194,0.0644367,0.0659615,0.179297
0.0481159,0.172737,0.0736902,0.0548619,0.0345647,0.0459718,0.14603,0.0479091,0.0639672,0.0573464,0.067917,0.186888
0.0533062,0.158119,0.075213,0.0612643,0.0368479,0.0516928,0.143623,0.0488935,0.0671572,0.0575844,0.072507,0.173791
0.0571758,0.141496,0.0753288,0.056819,0.0335913,0.050883,0.150262,0.046804,0.0697536,0.0592612,0.0665462,0.192079
0.059927,0.142598,0.0777952,0.0546095,0.0388555,0.0544958,0.152193,0.0491315,0.0774808,0.0580463,0.0699549,0.164912
0.0597639,0.141503,0.079175,0.0606386,0.0399743,0.0571754,0.14261,0.0509669,0.0755256,0.0603174,0.0727631,0.159586
0.0641418,0.149783,0.0785586,0.0562341,0.0365611,0.0520328,0.158095,0.0498665,0.0728459,0.0576062,0.0685102,0.155765
0.0773953,0.145292,0.0976804,0.053421,0.0353741,0.0509139,0.137196,0.0509819,0.0605732,0.06734,0.0625886,0.161244
0.0722522,0.154969,0.0945585,0.0567045,0.0372117,0.0523537,0.134203,0.0487769,0.0602711,0.0632128,0.0667879,0.158698
0.0702698,0.148395,0.0912211,0.0616551,0.0391909,0.0550182,0.131758,0.0492914,0.0613127,0.0635442,0.0698369,0.158506
0.0632592,0.139271,0.0792017,0.0660547,0.039365,0.0579155,0.142301,0.0513189,0.0724912,0.061063,0.0753789,0.15238
0.106471,0.108428,0.0943528,0.0661902,0.0371958,0.0655837,0.126224,0.0482743,0.0688652,0.0729633,0.0609604,0.144491
0.113859,0.0934646,0.10271,0.0619191,0.0364336,0.0625519,0.108325,0.0478905,0.07172,0.0855357,0.0567442,0.158846
0.107497,0.0880898,0.106879,0.0566508,0.0388612,0.0630647,0.0962289,0.0517399,0.0730845,0.0894019,0.0571628,0.171339
0.0924537,0.0837714,0.098193,0.0536234,0.0406291,0.0662816,0.103739,0.0552066,0.0788088,0.0892613,0.0565506,0.181481
0.11956,0.0732094,0.11059,0.0380963,0.0367688,0.0681562,0.0927371,0.0498199,0.0816296,0.104271,0.0432819,0.181881
0.114759,0.0739395,0.108988,0.0404275,0.0373652,0.067395,0.0936157,0.0508993,0.0826156,0.101513,0.0457197,0.182763
0.0946837,0.0823969,0.0958502,0.0491287,0.0403259,0.067543,0.108034,0.0528936,0.0836407,0.0912327,0.0507377,0.183533
0.0940073,0.0824862,0.0961738,0.0544391,0.0441257,0.0682926,0.107693,0.0552363,0.0840993,0.0887475,0.0562147,0.168484
0.0877722,0.0888484,0.0925053,0.0541506,0.0408156,0.0653301,0.11625,0.054838,0.0820512,0.0855667,0.0559658,0.175906
0.0971312,0.0861313,0.0984026,0.0508174,0.0362845,0.0626481,0.112779,0.0503185,0.0803306,0.0881926,0.052615,0.184349
0.0600472,0.100691,0.0754015,0.0630542,0.0437229,0.0721383,0.116902,0.0613275,0.0892723,0.0850643,0.0639691,0.16841
0.05394,0.137436,0.0696536,0.0693543,0.0438673,0.0629026,0.13023,0.0574969,0.0763099,0.0657429,0.0744476,0.158619
0.0551774,0.11315,0.0682346,0.0705223,0.0431315,0.0672799,0.133165,0.0645171,0.0893073,0.0740662,0.0766123,0.144836
0.062971,0.107282,0.0720911,0.0728108,0.0427615,0.0691041,0.132582,0.0623586,0.0871447,0.0746662,0.0750537,0.141174
0.0717395,0.168246,0.0787222,0.0684737,0.0428874,0.0678642,0.135914,0.052605,0.0668221,0.0605749,0.0751828,0.110969
0.0764848,0.0994635,0.0788373,0.0815696,0.044488,0.0775403,0.117169,0.0553831,0.0791025,0.0750509,0.0766559,0.138255
0.0816353,0.116481,0.0768383,0.0713955,0.0464735,0.071092,0.144677,0.0600426,0.0836303,0.0693757,0.07491,0.103448
0.0741476,0.0944434,0.0781458,0.0631984,0.0528498,0.0720856,0.121818,0.07001,0.0944524,0.0836087,0.0679152,0.127325
0.0851803,0.0853072,0.0827766,0.061799,0.0511137,0.07225,0.125874,0.065581,0.0943846,0.085184,0.0639536,0.126596
0.0818223,0.0892736,0.0828742,0.0617067,0.0553576,0.0739763,0.117175,0.0681703,0.0918277,0.0860143,0.0634192,0.128383
0.0687128,0.0952018,0.0773794,0.0578604,0.0456702,0.0647497,0.134688,0.0638098,0.0950373,0.0782913,0.0662966,0.152303
0.0704258,0.0932195,0.0784897,0.0598547,0.0483647,0.0691042,0.126151,0.0652283,0.0941079,0.0823847,0.0645198,0.14815
0.0683151,0.105919,0.0732655,0.059243,0.0420603,0.0658627,0.133737,0.0558693,0.0866812,0.0753827,0.0607354,0.172928
0.0633282,0.120755,0.0704888,0.0605658,0.0410438,0.060944,0.139519,0.0524955,0.0831445,0.0682069,0.0632306,0.176278
0.072663,0.112763,0.0716305,0.0637889,0.0429341,0.0737013,0.122222,0.05189,0.0795433,0.0781724,0.0569998,0.173691
0.067782,0.120738,0.0686769,0.0600399,0.0408432,0.0671577,0.1311,0.0515698,0.0810234,0.0729148,0.0577937,0.180361
0.0665628,0.122197,0.0675609,0.0605559,0.0399309,0.0691661,0.127029,0.0512556,0.0799808,0.0742259,0.057424,0.184111
0.0474108,0.147046,0.0643557,0.060142,0.0390349,0.0574564,0.141464,0.0462177,0.0805164,0.0606217,0.0654346,0.1903
0.0454673,0.167396,0.0648677,0.0530471,0.0401854,0.0517061,0.153734,0.0425769,0.0761912,0.0547587,0.0618054,0.188263
0.0407274,0.209231,0.0665781,0.0416086,0.0402327,0.0446449,0.168777,0.0402694,0.066793,0.0469604,0.065815,0.168362
0.0483352,0.174196,0.0674578,0.0459041,0.0409123,0.0488464,0.168714,0.0460339,0.0825148,0.0542149,0.0632923,0.159578
0.0532844,0.202761,0.0667803,0.0368691,0.0392722,0.0441198,0.193302,0.0436927,0.0782251,0.0492842,0.0591813,0.133228
0.0473071,0.19906,0.0677411,0.0384427,0.0405221,0.0450858,0.193415,0.0456165,0.0797931,0.0498953,0.0661542,0.126967
0.057099,0.164504,0.0706539,0.0434744,0.0440301,0.0488301,0.178123,0.0513509,0.0856075,0.056634,0.0635182,0.136175
0.0519543,0.207462,0.0770229,0.0404973,0.0416853,0.04356,0.182241,0.0494291,0.0722802,0.0500077,0.0661433,0.117717
0.0430646,0.234542,0.0745427,0.0393536,0.0396349,0.0424226,0.177339,0.0471994,0.0657844,0.0468497,0.0676533,0.121614
0.0459733,0.236179,0.0741919,0.0394292,0.0395047,0.0420266,0.176159,0.0447975,0.0651031,0.0462764,0.0671003,0.123259
0.0519494,0.203599,0.0750656,0.0399812,0.041271,0.0439734,0.198003,0.0447534,0.0758602,0.0481326,0.0630784,0.114332
0.0542012,0.189465,0.0757803,0.0472918,0.0388693,0.0473554,0.186891,0.0493532,0.0765365,0.0520172,0.0674575,0.114781
0.047029,0.197706,0.0669913,0.0459712,0.0337937,0.045415,0.181492,0.0455133,0.0725914,0.048983,0.0713211,0.143194
0.0402303,0.222296,0.066299,0.045296,0.0342214,0.045645,0.176466,0.0415512,0.0671322,0.0456994,0.0745344,0.140629
0.04363,0.23002,0.072725,0.0441702,0.0364843,0.0438858,0.164373,0.0441515,0.0609678,0.0446421,0.0755146,0.139436
0.0476739,0.190236,0.0719377,0.0533132,0.0356167,0.0463767,0.152682,0.0446483,0.0644805,0.0482919,0.0782647,0.166478
0.0418236,0.253263,0.0766124,0.0444736,0.0361184,0.0422844,0.157921,0.0435344,0.0548754,0.0431077,0.0719205,0.134065
0.0520781,0.200014,0.0798994,0.0507637,0.0401345,0.0466238,0.146807,0.0443793,0.0630885,0.0486064,0.0725303,0.155076
0.0614752,0.216948,0.0788232,0.0522121,0.0416398,0.0482009,0.150634,0.0458338,0.0594048,0.0496537,0.06831,0.126865
0.0614733,0.201586,0.0795681,0.0567584,0.0428396,0.0506657,0.145217,0.0482803,0.0621659,0.0523441,0.0707123,0.128389
0.0638816,0.177211,0.0805427,0.0637434,0.0440871,0.0565848,0.141934,0.0491836,0.0655936,0.0562278,0.0733741,0.127636
0.0695374,0.165279,0.085911,0.0505407,0.0470088,0.0501371,0.146774,0.0508148,0.0707103,0.0544032,0.0694547,0.139429
0.0740308,0.166664,0.0836317,0.0464562,0.0477124,0.0495407,0.148844,0.0502386,0.0716554,0.0532368,0.0688904,0.139099
0.07571,0.159222,0.0811035,0.0589051,0.047131,0.0565905,0.142243,0.0539639,0.071753,0.0584127,0.0708584,0.124107
0.0648055,0.155975,0.073351,0.0521761,0.0401477,0.0515511,0.158367,0.0521247,0.0796437,0.0546839,0.0755901,0.141584
0.0671346,0.171849,0.0751924,0.0461956,0.0420989,0.0490719,0.162478,0.0494513,0.0749632,0.0519157,0.0719126,0.137736
0.0631839,0.14368,0.0736307,0.0569402,0.0425848,0.0543577,0.145366,0.0540276,0.0816704,0.0588148,0.073577,0.152167
0.0670352,0.15416,0.0738917,0.050379,0.039794,0.0494252,0.159253,0.0513931,0.0785187,0.0549131,0.0691007,0.152136
0.0649825,0.162904,0.0736338,0.0499703,0.0408659,0.0495279,0.155093,0.0493203,0.0759249,0.0544842,0.0659798,0.157314
0.0663988,0.171153,0.072531,0.046177,0.0390461,0.0465379,0.163937,0.0473345,0.0733663,0.0522981,0.0621073,0.159114
0.062555,0.191095,0.0750398,0.0445541,0.0411351,0.0455788,0.160635,0.0433103,0.06857,0.0500599,0.0600246,0.157442
0.0622168,0.170414,0.0749151,0.0454186,0.0395227,0.0463736,0.169548,0.0447555,0.0742045,0.0513456,0.0629907,0.158295
0.0645036,0.149712,0.0775981,0.0423378,0.039938,0.0464339,0.176541,0.0478653,0.0816421,0.054585,0.0615496,0.157293
0.0581488,0.16019,0.078782,0.0409931,0.038912,0.0458371,0.180526,0.0444135,0.0801182,0.0539883,0.0574014,0.160689
0.056453,0.11993,0.0764075,0.0563736,0.0351849,0.0588092,0.141039,0.0452983,0.0773815,0.066691,0.0600843,0.206348
0.0548081,0.119714,0.0745827,0.0573639,0.0327416,0.0578535,0.139582,0.0472854,0.0755565,0.0689261,0.0610746,0.210511
0.0460285,0.153199,0.072583,0.053564,0.0334821,0.0529865,0.149293,0.0463942,0.0769626,0.0596827,0.0668461,0.188978
0.0468553,0.137479,0.0667903,0.0576311,0.0317121,0.0588994,0.159284,0.0463748,0.0870037,0.0635792,0.0684087,0.175982
0.0434684,0.142827,0.0674642,0.0536075,0.0348304,0.0572209,0.163909,0.0473694,0.0934214,0.0630832,0.0694386,0.16336
0.0459033,0.126066,0.0653234,0.063735,0.0349627,0.0652538,0.142769,0.0523566,0.0904657,0.0702801,0.0730805,0.169804
0.0489503,0.145869,0.0690505,0.0613995,0.0364413,0.058617,0.151055,0.0568869,0.0855404,0.0673723,0.0723249,0.146493
0.0483326,0.124195,0.066033,0.0636533,0.0342066,0.0605726,0.145629,0.0534405,0.0859867,0.0682849,0.0695637,0.180102
0.0479724,0.121778,0.0623015,0.06232,0.032474,0.0591405,0.158695,0.0543622,0.0870718,0.0676201,0.0706053,0.175659
0.0466075,0.123677,0.0613248,0.0631471,0.0323584,0.0584411,0.163277,0.0555841,0.0883105,0.0665075,0.0732104,0.167555
0.0483737,0.154817,0.0669891,0.0575346,0.0362152,0.0527519,0.169975,0.0560473,0.0831158,0.0610579,0.0735668,0.139555
0.0410531,0.200684,0.0688096,0.0519078,0.034363,0.0469772,0.166508,0.0488979,0.0682884,0.0505358,0.0772761,0.144699
0.0498422,0.131955,0.0683588,0.0659461,0.0332228,0.0602542,0.146263,0.050163,0.0804909,0.0629988,0.0766696,0.173836
0.0494111,0.143377,0.0761203,0.0643529,0.0459656,0.0573363,0.130354,0.0573116,0.0771485,0.0627659,0.0799928,0.155864
0.0477319,0.153247,0.0775075,0.0628121,0.0474437,0.0555879,0.129251,0.0563292,0.0745552,0.0620281,0.0793509,0.154155
0.0456366,0.175478,0.0772263,0.0572184,0.0439154,0.0497143,0.136664,0.0533863,0.0709767,0.0555968,0.0791751,0.155013
0.0465892,0.189574,0.080407,0.0546977,0.0423518,0.0477472,0.13777,0.0492669,0.0669301,0.0513582,0.0799439,0.153364
0.0448894,0.201776,0.0824472,0.0514345,0.040744,0.0459917,0.141484,0.0499855,0.0649467,0.0497677,0.0769289,0.149604
0.0399673,0.214077,0.077861,0.0505711,0.0392619,0.0445057,0.144438,0.0458498,0.0626137,0.0474456,0.0781261,0.155282
0.0451677,0.201959,0.0779359,0.046972,0.0381468,0.0431347,0.150963,0.0467632,0.0669858,0.0476176,0.0769919,0.157362
0.0427175,0.19254,0.0680713,0.0513641,0.0373367,0.04783,0.157381,0.0449504,0.0702948,0.0494748,0.0785902,0.15945
0.0605783,0.139405,0.0697347,0.0550481,0.0400992,0.0528773,0.16359,0.0563059,0.086305,0.0587949,0.0763374,0.140925
0.0584926,0.179096,0.0758187,0.0456887,0.0408902,0.044735,0.162822,0.0509738,0.072216,0.0525457,0.0687901,0.147931
0.0600443,0.170649,0.0720792,0.0482187,0.0375776,0.0465038,0.174068,0.0493615,0.0757495,0.0522847,0.0698792,0.143585
0.0748663,0.146494,0.0748109,0.0482594,0.0428303,0.0482186,0.180039,0.0515941,0.080102,0.0561321,0.0632347,0.133418
0.0742531,0.126254,0.0723365,0.0533497,0.0375825,0.0504715,0.169527,0.0531485,0.0802635,0.0595983,0.0669411,0.156275
0.0680026,0.123388,0.0712521,0.0550665,0.035927,0.0509379,0.160349,0.0521914,0.0780797,0.059502,0.069498,0.175806
0.0726574,0.123861,0.0727577,0.0520203,0.0361759,0.0484681,0.16753,0.0519688,0.0775996,0.0578446,0.068285,0.170831
0.0775048,0.118656,0.0773262,0.0536795,0.0345497,0.0491837,0.15958,0.052059,0.0765717,0.0609921,0.0661765,0.17372
0.0662967,0.108551,0.0721788,0.0594087,0.0368371,0.0565377,0.152585,0.0538795,0.0817199,0.0643823,0.0692582,0.178365
0.0645276,0.124468,0.0739409,0.060457,0.0365731,0.0527599,0.151211,0.0527779,0.0738898,0.0617197,0.0699435,0.177731
0.0563349,0.131359,0.0707396,0.0649032,0.0360823,0.0536795,0.145098,0.0519886,0.0733847,0.0604112,0.0750328,0.180986
0.0498357,0.125534,0.0684896,0.0711969,0.0397123,0.0615272,0.129546,0.0549259,0.08107,0.0654364,0.0811715,0.171555
0.0494612,0.131534,0.0691282,0.0688297,0.0386726,0.0597885,0.13262,0.0527278,0.0790006,0.0630617,0.0803776,0.174799
0.0497013,0.131976,0.0713256,0.0693979,0.0388536,0.061946,0.127365,0.0483655,0.0781981,0.063488,0.0782728,0.18111
0.048032,0.145263,0.0718969,0.0650814,0.0383026,0.0587566,0.133781,0.0458818,0.0742674,0.0599017,0.0767046,0.182131
0.0495525,0.132649,0.0724118,0.0676983,0.0397924,0.0613928,0.12837,0.0492827,0.0781472,0.0637594,0.0775423,0.179402
0.0467952,0.180295,0.0761074,0.0538094,0.0408502,0.0498979,0.145716,0.0472542,0.0698337,0.0518535,0.0771825,0.160405
0.0484989,0.201505,0.0841368,0.0444345,0.0416473,0.0429973,0.150797,0.0484186,0.0660513,0.0482239,0.0731565,0.150133
0.0533003,0.200909,0.0845232,0.0387277,0.0382205,0.0400947,0.174622,0.048479,0.0689338,0.0463269,0.0664381,0.139425
0.057646,0.19139,0.0828814,0.0386392,0.0395641,0.0408239,0.179911,0.0472022,0.0721439,0.0475529,0.0655509,0.136694
0.0534916,0.216455,0.08405,0.0371204,0.0363944,0.0384465,0.190522,0.0445809,0.0660429,0.0432286,0.0615977,0.12807
0.0572982,0.195963,0.0789702,0.0442534,0.0373683,0.0439841,0.174826,0.0470017,0.0718109,0.0485077,0.0679411,0.132076
0.0533959,0.1682,0.0807062,0.0481745,0.0421462,0.0464258,0.153878,0.0499861,0.0756548,0.0526006,0.0730448,0.155787
0.0520331,0.166849,0.0790593,0.0541328,0.0421104,0.049334,0.149913,0.0500783,0.0743917,0.0543348,0.0742148,0.153549
0.0508429,0.165921,0.0793459,0.0516394,0.0422291,0.0479676,0.148576,0.0504069,0.075075,0.0535429,0.075174,0.159279
0.0481641,0.170958,0.0801375,0.0501255,0.0421657,0.0461937,0.151804,0.0493575,0.0734361,0.0527933,0.0736473,0.161217
0.0470827,0.159509,0.0803392,0.0566323,0.0424506,0.0524597,0.139092,0.047735,0.0731342,0.0568263,0.0745253,0.170214
0.0504515,0.0974274,0.0706453,0.0751751,0.0402682,0.0782212,0.100768,0.0520912,0.0893993,0.08342,0.0718108,0.190322
0.0464595,0.098126,0.0669075,0.0768612,0.0343136,0.0763006,0.10279,0.0474218,0.0855435,0.0813185,0.0713208,0.212637
0.0450305,0.103233,0.0671552,0.0740977,0.0319743,0.0733241,0.106279,0.0469006,0.0788689,0.0775968,0.0712647,0.224275
0.0470602,0.0988789,0.0665177,0.0702079,0.0303246,0.0733945,0.106865,0.0470406,0.0808133,0.0814176,0.065378,0.232101
0.0484563,0.0989885,0.0667795,0.0690955,0.0296123,0.0724513,0.110153,0.0461395,0.0783025,0.0797849,0.0637068,0.23653
0.0512971,0.137037,0.0758725,0.0582804,0.0371791,0.0625686,0.13796,0.0457738,0.0769626,0.067205,0.0625657,0.187297
0.0481885,0.161651,0.0768926,0.0502148,0.0356876,0.0527955,0.157784,0.0430891,0.0770669,0.05924,0.0600295,0.177361
0.048588,0.163511,0.071982,0.0551171,0.0347005,0.0554967,0.149821,0.0444574,0.072696,0.0583523,0.064443,0.180835
0.0525353,0.141568,0.0748495,0.0606756,0.0381424,0.0603379,0.134224,0.0472143,0.0728862,0.0629928,0.0671582,0.187416
0.0520202,0.132194,0.0731933,0.0651851,0.0384267,0.0633788,0.127908,0.0476414,0.0744863,0.0657863,0.0688342,0.190946
0.0551729,0.157324,0.0771804,0.0525654,0.0376071,0.0477661,0.153325,0.0467023,0.0712296,0.0542764,0.0689907,0.17786
0.0585207,0.158811,0.0764288,0.054367,0.0417907,0.0516542,0.148548,0.0474783,0.0746696,0.05357,0.0730184,0.161143
0.0547452,0.156052,0.0743908,0.0615573,0.0443719,0.0592165,0.137485,0.0513258,0.0747711,0.0588976,0.076571,0.150616
0.0619332,0.17117,0.0813123,0.0596249,0.0471566,0.0587174,0.14649,0.055907,0.0732675,0.0591918,0.0746076,0.110622
0.0569886,0.155333,0.076182,0.0647133,0.0462161,0.0601133,0.139745,0.0556273,0.0756217,0.0612104,0.0822082,0.12604
0.0549044,0.0946247,0.0715223,0.0760986,0.0442732,0.0757485,0.109772,0.0604672,0.091249,0.0803122,0.0803386,0.160689
0.0582169,0.0925407,0.0748393,0.0813961,0.0479516,0.0792493,0.0972505,0.0593691,0.0899309,0.0824827,0.0802221,0.156551
0.0605864,0.10762,0.0718459,0.0785779,0.0455716,0.0725193,0.121742,0.0605143,0.0848928,0.0740503,0.0843095,0.13777
0.053689,0.14314,0.0761123,0.0652512,0.0472709,0.0623216,0.140215,0.0627456,0.0796313,0.0654616,0.0819183,0.122243
0.0591066,0.138516,0.0805549,0.0577549,0.0431278,0.0621888,0.163222,0.0677767,0.0854599,0.0646325,0.0720261,0.105634
0.0528001,0.156886,0.0872437,0.054734,0.0451049,0.059811,0.16093,0.0696535,0.0766875,0.0616541,0.0697664,0.104729
0.0512257,0.170778,0.0909812,0.0469966,0.0436952,0.0576727,0.186445,0.0598879,0.0743695,0.0539341,0.0623641,0.10165
0.0453821,0.210821,0.0912619,0.0366281,0.041752,0.0567836,0.223709,0.0514848,0.0596902,0.0442546,0.049127,0.0891051
0.0399891,0.243196,0.0777761,0.0310927,0.0416687,0.0480745,0.253366,0.0373287,0.0563666,0.035952,0.0459513,0.0892385
0.0362573,0.268565,0.0708366,0.0253605,0.0423942,0.0521986,0.280572,0.0312257,0.0494276,0.031364,0.0361095,0.0756888
0.0316902,0.282066,0.0756278,0.0250582,0.037375,0.0448751,0.272238,0.0345999,0.0466881,0.0309375,0.0381968,0.080647
0.0343983,0.269779,0.0761341,0.0274256,0.0350902,0.041333,0.268713,0.0346467,0.051612,0.0322195,0.0402744,0.0883739
0.0335619,0.293695,0.0769164,0.0259946,0.0340127,0.0358451,0.258126,0.03294,0.0479797,0.0309947,0.0384829,0.091451
0.0430011,0.241816,0.105963,0.0388604,0.0478404,0.0438759,0.158179,0.0600591,0.0542205,0.0500373,0.0570099,0.0991374
0.0296926,0.251664,0.0949758,0.0423148,0.053278,0.0459231,0.151871,0.0641308,0.0534129,0.0540863,0.0603974,0.0982532
0.0371988,0.209507,0.092336,0.0516872,0.071629,0.0561175,0.125117,0.0696951,0.0578281,0.0682625,0.0641752,0.0964466
0.0372694,0.217929,0.0856271,0.0500067,0.0603677,0.0564966,0.135893,0.0723885,0.0561387,0.0651623,0.0648603,0.0978604
0.046064,0.185228,0.074967,0.0614711,0.0690974,0.0642459,0.116597,0.0660891,0.0623313,0.071486,0.0747771,0.107646
0.050724,0.134325,0.0726972,0.0750425,0.0673581,0.0841012,0.0931111,0.0621264,0.0685239,0.0823667,0.0728958,0.136729
0.0486117,0.139245,0.0726031,0.0734326,0.0645975,0.0812011,0.0939493,0.0615931,0.0699737,0.082475,0.0730154,0.139303
0.0501209,0.131707,0.0761241,0.0712119,0.0591916,0.0742111,0.103073,0.0614621,0.076632,0.0807892,0.076161,0.139316
0.0506925,0.136929,0.0725967,0.0724368,0.0619184,0.0787744,0.0991114,0.0633426,0.0725564,0.0814052,0.0750099,0.135227
0.0558045,0.120803,0.069622,0.0783743,0.0660959,0.0883932,0.0935065,0.0668796,0.0730241,0.0835879,0.0749449,0.128964
0.0535388,0.113568,0.0747425,0.0729509,0.0515909,0.0734426,0.107051,0.0630624,0.0845676,0.0810894,0.0793853,0.145011
0.0558773,0.117479,0.0789345,0.0705357,0.0532938,0.0730019,0.106696,0.0639093,0.0848471,0.0794694,0.0789296,0.137026
0.0587941,0.108024,0.0771492,0.0770781,0.0444287,0.0771961,0.106021,0.0543309,0.0836569,0.0783246,0.0782934,0.156703
0.0592038,0.107365,0.0815413,0.0755655,0.0471054,0.0782297,0.0993264,0.0538456,0.0822321,0.0798144,0.0762984,0.159472
0.0577796,0.104013,0.0810165,0.0713823,0.048826,0.0780856,0.102742,0.0525007,0.0842042,0.0797812,0.0708827,0.168786
0.05356,0.169098,0.0876365,0.0540957,0.0479154,0.0516397,0.138864,0.0462189,0.071717,0.0533496,0.0737394,0.152166
0.059671,0.148267,0.0830723,0.0587163,0.0446804,0.0556811,0.144232,0.0494476,0.0767867,0.0572597,0.0741851,0.148
0.0653576,0.138421,0.0854517,0.0608955,0.0457898,0.0610034,0.135525,0.0490235,0.0777159,0.0610758,0.0720331,0.147707
0.0693956,0.118797,0.0833923,0.0678384,0.0473874,0.0692464,0.124031,0.0526994,0.0809168,0.0696594,0.0716474,0.144989
0.0614078,0.124631,0.0830294,0.0685025,0.0458141,0.0674128,0.117585,0.0503799,0.0783336,0.0675562,0.0756285,0.159718
0.0575155,0.124611,0.080595,0.0704178,0.0418419,0.0671608,0.115748,0.047039,0.077409,0.0657966,0.0776906,0.174176
0.0489043,0.146167,0.0742042,0.0629325,0.0374906,0.0567053,0.137123,0.04423,0.0729529,0.0571573,0.0757066,0.186427
0.0555774,0.186471,0.0778705,0.0438773,0.0376851,0.0410396,0.166427,0.0461463,0.0675251,0.0505274,0.062845,0.164009
0.0565983,0.153474,0.075701,0.0505914,0.0369012,0.0480174,0.155936,0.0491117,0.0741847,0.0572064,0.066603,0.175675
0.055736,0.161985,0.077028,0.0557081,0.0381886,0.0503744,0.146938,0.0482224,0.0707606,0.0560046,0.0710912,0.167964
0.0515617,0.149747,0.0765697,0.0594479,0.0387426,0.0549201,0.138147,0.0494865,0.0735079,0.0586624,0.0740965,0.17511
0.0484051,0.131576,0.0709656,0.0661391,0.0387619,0.0618863,0.128399,0.050424,0.0797414,0.0651383,0.0758811,0.182683
0.0450231,0.134196,0.0672495,0.0640836,0.0332232,0.0599858,0.133345,0.0462957,0.0779295,0.0625284,0.0744203,0.201721
0.0427658,0.148107,0.0657375,0.0630763,0.0331762,0.0565484,0.139542,0.0451016,0.0754531,0.0577153,0.076777,0.195999
0.0506975,0.127364,0.069418,0.0616307,0.035835,0.0581482,0.13928,0.0504986,0.080261,0.0643794,0.0706164,0.191871
0.0654847,0.125168,0.0775009,0.0521347,0.0411953,0.0530995,0.153762,0.0522631,0.0844533,0.064045,0.062872,0.168022
0.0691721,0.110285,0.0796679,0.0579581,0.0451462,0.0596333,0.150092,0.0550842,0.0865705,0.0723158,0.061818,0.152257
0.060377,0.114102,0.0745114,0.0641046,0.0448229,0.062465,0.139369,0.058867,0.0889635,0.0719564,0.0694508,0.15101
0.0506611,0.136872,0.0729902,0.0603708,0.0411691,0.0583121,0.143718,0.0527031,0.0836142,0.0641708,0.0720738,0.163344
0.0543152,0.11272,0.0701029,0.0641882,0.0392581,0.06387,0.141069,0.0566575,0.0911613,0.0733206,0.0682432,0.165094
0.0533399,0.125891,0.0701561,0.0593383,0.0378399,0.0594519,0.151135,0.0533149,0.0871714,0.0672837,0.0673827,0.167695
0.0527515,0.11269,0.0723201,0.0666747,0.0430699,0.0663363,0.124528,0.0576256,0.0878285,0.0736986,0.0729398,0.169537
0.0562368,0.102505,0.0739545,0.0709915,0.0460514,0.0702849,0.114998,0.0601752,0.0895666,0.0780203,0.0740486,0.163167
0.0557747,0.116504,0.0776173,0.0645871,0.0459724,0.0646874,0.125849,0.0549606,0.0852348,0.0700847,0.071947,0.166781
0.0529622,0.128469,0.0785877,0.0690115,0.0475122,0.0681071,0.114332,0.0488489,0.0787248,0.0695308,0.0718137,0.1721
0.0510819,0.111185,0.0749094,0.0747581,0.0434089,0.0741355,0.105404,0.0478775,0.0816814,0.0754193,0.0723038,0.187836
0.0520092,0.120414,0.074163,0.0777252,0.0473115,0.0735895,0.106377,0.0462401,0.0786194,0.0718136,0.072557,0.17918
0.0498327,0.112453,0.0706786,0.0801364,0.041842,0.0736154,0.106411,0.045745,0.0791521,0.0724819,0.0741164,0.193536
0.0470271,0.145105,0.0742616,0.0677133,0.045237,0.0620925,0.124912,0.0434116,0.0750515,0.0608328,0.0724536,0.181902
0.0459928,0.13096,0.0720002,0.0741424,0.045111,0.0679038,0.113274,0.0439106,0.0782724,0.0661876,0.0730679,0.189178
0.0460516,0.140419,0.0732747,0.0718533,0.0457232,0.0654531,0.116799,0.0429655,0.0761754,0.0632442,0.0732391,0.184801
0.0476904,0.183326,0.0709348,0.0433459,0.0347539,0.0426669,0.176259,0.0428186,0.0745048,0.0476138,0.0678706,0.168216
0.0472078,0.177444,0.0700257,0.052568,0.038362,0.0499106,0.154936,0.0434,0.0723192,0.0506718,0.0730243,0.170131
0.0452359,0.213471,0.0752523,0.04113,0.0367459,0.0416674,0.166472,0.0384865,0.0626954,0.0434805,0.0682989,0.167064
0.0541221,0.147095,0.0744889,0.0496807,0.0352705,0.0489659,0.155572,0.0447411,0.0742965,0.0556505,0.0634011,0.196716
0.0553373,0.14119,0.0750973,0.0524638,0.036675,0.0500664,0.152858,0.0472659,0.0753766,0.0570943,0.0671291,0.189447
0.0552648,0.12948,0.0736026,0.0597768,0.0355863,0.0535117,0.144017,0.0477671,0.0716289,0.062396,0.067661,0.199308
0.0548033,0.13398,0.0757257,0.0569222,0.0390226,0.0526484,0.145987,0.049576,0.0746139,0.0615515,0.068969,0.186201
0.0990023,0.0920173,0.0866959,0.0435373,0.0344261,0.0663193,0.125659,0.0506088,0.0746956,0.0866738,0.0432907,0.197074
0.090564,0.104025,0.0797738,0.0479432,0.0376093,0.0642468,0.134978,0.0503539,0.0760429,0.0783493,0.0471427,0.188971
0.0896605,0.0981101,0.0815262,0.0515497,0.0400912,0.0713514,0.121834,0.0525264,0.0787527,0.0861914,0.048582,0.179825
0.0720106,0.103956,0.0746697,0.0687636,0.0470045,0.0844631,0.109453,0.0587993,0.0808944,0.08903,0.0587828,0.152173
0.0811624,0.102687,0.0789711,0.0526041,0.040793,0.0714183,0.121878,0.0555917,0.0819386,0.0867804,0.0512607,0.174915
0.0768717,0.101778,0.0792039,0.0580069,0.0446142,0.0801175,0.109085,0.0583554,0.0834655,0.0943443,0.0527428,0.161415
0.0813142,0.111164,0.0799625,0.0573005,0.0488064,0.0653108,0.129296,0.0578622,0.0876186,0.0758754,0.0596162,0.145874
0.0854195,0.111926,0.0803946,0.0582454,0.0504454,0.0648063,0.133163,0.057649,0.0875616,0.0733406,0.0599306,0.137118
0.0853255,0.112665,0.0784132,0.0564278,0.0487846,0.0607596,0.145538,0.0557413,0.0921906,0.0699573,0.0596983,0.134499
0.0903625,0.110926,0.0797452,0.0505252,0.0446656,0.0557562,0.159706,0.0521721,0.0916132,0.0673926,0.0547466,0.142389
0.05675,0.110788,0.071748,0.0687406,0.0533574,0.0726107,0.117067,0.0636758,0.091419,0.078882,0.0687491,0.146213
0.0581356,0.113412,0.0698185,0.0649488,0.0487778,0.0679155,0.1287,0.0649532,0.0922888,0.0751422,0.0695589,0.146348
0.059234,0.121798,0.0704868,0.0635946,0.0448907,0.0620463,0.139529,0.0584889,0.0902138,0.0663828,0.0753941,0.147941
0.0529346,0.124261,0.0764004,0.0643509,0.0469159,0.0626565,0.13045,0.054884,0.0861409,0.0653082,0.0768607,0.158837
0.0561507,0.157299,0.079917,0.0510068,0.0481783,0.0511908,0.14473,0.052491,0.0800435,0.0554207,0.0785272,0.145045
0.0594329,0.13352,0.0807217,0.0587452,0.0524852,0.0570375,0.135187,0.0555377,0.0849923,0.0614769,0.0773943,0.14347
0.0603765,0.123789,0.0811693,0.0609109,0.0527468,0.0588009,0.134221,0.0546643,0.0858074,0.063929,0.0749388,0.148646
0.0571366,0.128943,0.0801374,0.0618812,0.0511115,0.0579652,0.132904,0.0552823,0.0836953,0.0635353,0.0768632,0.150545
0.0563944,0.130759,0.0781644,0.0584707,0.0491567,0.0569238,0.138384,0.0560343,0.0878106,0.061488,0.0774948,0.148919
0.0551166,0.120767,0.0768781,0.0646435,0.0508832,0.062178,0.128574,0.0574042,0.0889958,0.0654207,0.0788972,0.150242
0.0550236,0.133167,0.0771741,0.0572572,0.0470162,0.0549778,0.140186,0.0555551,0.0877153,0.0601661,0.0784963,0.153266
0.0560747,0.141697,0.0763728,0.0551512,0.0480832,0.0544198,0.143267,0.0556764,0.0849507,0.0596153,0.0762338,0.148458
0.05837,0.122032,0.07094,0.0632764,0.047862,0.0626434,0.13808,0.0581974,0.0908192,0.0657162,0.0751619,0.146901
0.0568578,0.103669,0.0722596,0.0658542,0.0485455,0.0716564,0.120184,0.0670803,0.0951322,0.0816324,0.0697091,0.147419
0.0599514,0.101813,0.0737867,0.0688571,0.0530993,0.0788636,0.106538,0.0660802,0.0908556,0.0876861,0.0663792,0.14609
0.0568161,0.104112,0.0714647,0.0686694,0.0480847,0.0774644,0.110671,0.0629726,0.0899097,0.0850222,0.0662605,0.158553
0.0565454,0.102354,0.0723828,0.069405,0.0490611,0.0777502,0.10723,0.0633879,0.0910673,0.0864586,0.067444,0.156914
0.0541208,0.101572,0.0704642,0.0717583,0.0439576,0.0776243,0.107322,0.0595106,0.0897247,0.0842,0.0694992,0.170246
0.0539833,0.100756,0.0695916,0.0784808,0.0412916,0.0768792,0.104668,0.0539891,0.0864708,0.0799481,0.0741238,0.179818
0.0540095,0.109318,0.0690583,0.0775695,0.0424405,0.0735237,0.111214,0.0527459,0.0824933,0.0757148,0.072823,0.179089
0.059339,0.121821,0.071191,0.0612334,0.0405804,0.0599989,0.137001,0.0533032,0.0836049,0.0662993,0.068622,0.177006
0.0558687,0.139798,0.068099,0.0508034,0.0361511,0.0526797,0.160653,0.0497483,0.0839353,0.0576,0.0690928,0.17557
0.0504343,0.163335,0.0726244,0.0469757,0.0366191,0.0461367,0.164609,0.046013,0.0766042,0.0509998,0.0700934,0.175556
0.0521942,0.198408,0.064665,0.0380851,0.0305435,0.0401678,0.198317,0.0410261,0.0713975,0.0447197,0.0626192,0.157857
0.0489989,0.184027,0.0645215,0.0431892,0.0313618,0.0433816,0.188351,0.0425969,0.0748306,0.0472194,0.0673601,0.164161
0.0473717,0.21073,0.0636239,0.0398766,0.0324395,0.0429078,0.193983,0.0415683,0.071466,0.0449395,0.0691922,0.141901
0.0416841,0.263143,0.0640997,0.0330164,0.0309478,0.036971,0.197237,0.037287,0.0604989,0.0388485,0.0659485,0.130318
0.0480945,0.243399,0.0634673,0.0331268,0.0349136,0.040518,0.219005,0.036232,0.0655819,0.039453,0.0616409,0.114567
0.0458629,0.224844,0.0622263,0.0339748,0.0362801,0.0428819,0.235177,0.0357949,0.0714082,0.0400775,0.0611076,0.110366
0.0533209,0.194878,0.0681109,0.0458033,0.0395989,0.0510425,0.179546,0.0462189,0.0756721,0.0500217,0.0737625,0.122024
0.0526891,0.146417,0.0697401,0.0637783,0.0435318,0.0586669,0.138143,0.0550393,0.0793813,0.0616033,0.078038,0.152972
0.0561282,0.126584,0.0725304,0.0722892,0.04761,0.0662104,0.120749,0.0563538,0.0815453,0.068994,0.0760874,0.154919
0.0565467,0.11981,0.0706071,0.0722548,0.0472085,0.0679581,0.120883,0.056058,0.0841276,0.0708262,0.0733299,0.16039
0.0612865,0.114383,0.0747632,0.0735598,0.0543582,0.0695674,0.11778,0.0572369,0.0841122,0.0731805,0.0720511,0.147722
0.0603235,0.115415,0.0738494,0.0745826,0.0540805,0.0712419,0.116243,0.0561831,0.0828448,0.0743775,0.0700102,0.150848
0.0637053,0.107037,0.0736388,0.0741012,0.0527452,0.0748801,0.113067,0.0577907,0.0867194,0.0781184,0.0684389,0.149758
0.0654558,0.101511,0.0748402,0.0707071,0.0526919,0.0755464,0.111788,0.0599219,0.0919026,0.0814546,0.0673494,0.146832
0.056525,0.103783,0.0735249,0.0732015,0.0498516,0.0738391,0.109426,0.0560907,0.0930847,0.0801181,0.0702589,0.160296
0.0563695,0.111122,0.0718667,0.0652246,0.0461199,0.0651859,0.128426,0.056599,0.0931137,0.0718154,0.0704788,0.163679
0.0574795,0.131594,0.0778353,0.0509394,0.0418017,0.0516282,0.152624,0.0518235,0.0838769,0.0630646,0.0643468,0.172987
0.0524901,0.147398,0.0790106,0.0490585,0.0434538,0.0493714,0.157728,0.0498163,0.0837384,0.057849,0.0664298,0.163656
0.0601086,0.125551,0.0738361,0.0537515,0.0413549,0.0553957,0.159449,0.0528518,0.0926521,0.0633521,0.0665961,0.155101
0.0639381,0.132821,0.0831137,0.0535034,0.047785,0.0538113,0.148206,0.0543533,0.0831026,0.0648929,0.0653792,0.149094
0.0612616,0.144938,0.0819041,0.0553504,0.0452445,0.0515667,0.143431,0.0523642,0.0720243,0.0637929,0.0654031,0.16272
0.0549231,0.169649,0.0822989,0.0488612,0.0429482,0.0449347,0.155424,0.048766,0.068423,0.0560366,0.0643915,0.163344
0.0491267,0.184875,0.0802521,0.0476185,0.0396235,0.0429083,0.156059,0.0474375,0.0680152,0.0510412,0.0692645,0.163778
0.0471738,0.197859,0.081027,0.0418044,0.0382929,0.0393098,0.162967,0.045003,0.0676252,0.0470351,0.0688236,0.163079
