AAPL,NVDA,TSLA
0,0,0
0,0,0
0,0,0
0,0,0
0,0,0
0,0,0
0,0,0
0,0,0
0,0,0
0.227082,0.409273,0.363646
0.229546,0.407349,0.363105
0.316288,0.337619,0.346094
0.430135,0.241099,0.328766
0.462089,0.216404,0.321506
0.502081,0.191767,0.306153
0.458935,0.218675,0.32239
0.474803,0.209491,0.315706
0.478334,0.208265,0.313401
0.481833,0.209637,0.30853
0.454714,0.229577,0.31571
0.450661,0.227587,0.321752
0.371426,0.28386,0.344713
0.415231,0.252806,0.331963
0.495109,0.196297,0.308595
0.467225,0.22046,0.312314
0.362463,0.287343,0.350194
0.290772,0.343386,0.365842
0.3214,0.322433,0.356168
0.280211,0.332531,0.387257
0.248279,0.380353,0.371369
0.237112,0.398161,0.364728
0.251535,0.389252,0.359213
0.242743,0.392845,0.364412
0.237812,0.399508,0.36268
0.240021,0.396077,0.363902
0.249096,0.391389,0.359516
0.271153,0.375574,0.353273
0.306162,0.346603,0.347235
0.280033,0.36624,0.353727
0.361951,0.290059,0.34799
0.367282,0.287444,0.345275
0.36134,0.298602,0.340058
0.368433,0.299031,0.332535
0.332858,0.325401,0.341741
0.411814,0.258485,0.329701
0.454372,0.229277,0.316352
0.449058,0.23269,0.318252
0.39081,0.276168,0.333023
0.43112,0.247949,0.320931
0.416659,0.25692,0.326421
0.393451,0.270536,0.336014
0.41839,0.25571,0.3259
0.414461,0.261455,0.324085
0.411708,0.262123,0.326169
0.365961,0.297341,0.336699
0.312537,0.344627,0.342836
0.367152,0.297671,0.335176
0.344461,0.316884,0.338655
0.282345,0.3694,0.348254
0.259974,0.382376,0.357651
0.284539,0.340615,0.374846
0.332402,0.329332,0.338267
0.339788,0.32462,0.335593
0.318212,0.341955,0.339833
0.273423,0.369277,0.357301
0.344451,0.319891,0.335658
0.298,0.35847,0.34353
0.378784,0.286311,0.334905
0.404798,0.264603,0.330598
0.426149,0.248512,0.325338
0.407489,0.256895,0.335616
0.381487,0.275418,0.343095
0.364035,0.292355,0.34361
0.339053,0.316819,0.344128
0.428851,0.247079,0.324071
0.399513,0.263084,0.337403
0.364171,0.286091,0.349738
0.344237,0.311861,0.343902
0.385639,0.280889,0.333471
0.386897,0.278888,0.334215
0.350781,0.314281,0.334938
0.360979,0.307009,0.332012
0.38283,0.286353,0.330817
0.360488,0.306153,0.333359
0.339401,0.325335,0.335264
0.356141,0.305498,0.338361
0.354892,0.308944,0.336165
0.36422,0.300702,0.335078
0.358365,0.306451,0.335185
0.41637,0.247884,0.335746
0.437468,0.23465,0.327882
0.445668,0.229265,0.325066
0.431492,0.238095,0.330413
0.513524,0.186697,0.299778
0.496763,0.198261,0.304977
0.474522,0.208086,0.317392
0.501337,0.190761,0.307903
0.504155,0.186809,0.309036
0.484239,0.196228,0.319533
0.413878,0.24747,0.338651
0.433733,0.228644,0.337623
0.461576,0.212055,0.326368
0.490537,0.193483,0.315981
0.424323,0.23917,0.336507
0.443897,0.2255,0.330602
0.441556,0.232901,0.325543
0.435485,0.235872,0.328643
0.408106,0.256469,0.335426
0.396846,0.268971,0.334182
0.366911,0.298672,0.334417
0.323999,0.335211,0.340789
0.258836,0.384068,0.357096
0.258069,0.384167,0.357764
0.246403,0.3941,0.359497
0.241215,0.397826,0.360959
0.243726,0.396436,0.359838
0.21969,0.415095,0.365215
0.242151,0.397636,0.360213
0.308562,0.347286,0.344152
0.365142,0.296281,0.338577
0.406552,0.266868,0.32658
0.384303,0.280581,0.335115
0.365555,0.296314,0.338131
0.279107,0.372261,0.348632
0.228255,0.408243,0.363502
0.240156,0.399159,0.360685
0.318236,0.339407,0.342357
0.246845,0.394071,0.359084
0.234844,0.403241,0.361915
0.227193,0.409185,0.363621
0.226183,0.409977,0.363841
0.219833,0.414447,0.36572
0.215731,0.394155,0.390114
0.25696,0.334869,0.40817
0.318012,0.297589,0.384399
0.298737,0.300223,0.401041
0.269293,0.289773,0.440934
0.276513,0.285675,0.437811
0.267845,0.29648,0.435675
0.269472,0.305239,0.425288
0.239158,0.333275,0.427567
0.209484,0.388492,0.402025
0.217062,0.416109,0.366829
0.222599,0.395872,0.381529
0.229304,0.405368,0.365328
0.244245,0.374941,0.380814
0.253318,0.389199,0.357483
0.251629,0.389183,0.359188
0.25881,0.384135,0.357055
0.254997,0.387656,0.357346
0.288611,0.340279,0.37111
0.358327,0.306801,0.334872
0.305701,0.335257,0.359042
0.32502,0.330744,0.344235
0.361126,0.298708,0.340167
0.347569,0.309237,0.343194
0.34365,0.310709,0.345641
0.360574,0.297897,0.341529
0.361708,0.296494,0.341797
0.378765,0.281185,0.34005
0.45983,0.225793,0.314377
0.353466,0.306621,0.339913
0.3488,0.311014,0.340186
0.285082,0.351913,0.363006
0.248321,0.38671,0.364969
0.28698,0.357876,0.355144
0.348463,0.315739,0.335798
0.376857,0.284509,0.338635
0.377439,0.28062,0.341942
0.404453,0.261499,0.334048
0.35135,0.293989,0.354661
0.446658,0.222284,0.331058
0.462855,0.21097,0.326175
0.517811,0.18193,0.300259
0.506379,0.190307,0.303313
0.45919,0.212481,0.328329
0.434717,0.228577,0.336706
0.371273,0.264687,0.36404
0.319755,0.289953,0.390292
0.275564,0.319717,0.404719
0.272749,0.329517,0.397734
0.268819,0.337376,0.393805
0.274397,0.337893,0.387711
0.275169,0.353041,0.37179
0.247183,0.387509,0.365308
0.254507,0.38754,0.357953
0.263484,0.381646,0.35487
0.296153,0.359355,0.344492
0.362027,0.307015,0.330959
0.403046,0.270709,0.326245
0.46937,0.217211,0.313419
0.452159,0.228255,0.319586
0.447443,0.231933,0.320624
0.460517,0.217598,0.321885
0.473949,0.211086,0.314965
0.496278,0.198666,0.305056
0.457378,0.227397,0.315225
0.387635,0.266415,0.34595
0.33594,0.296335,0.367724
0.374535,0.285425,0.34004
0.246823,0.390794,0.362382
0.262494,0.380307,0.357199
0.272971,0.374846,0.352184
0.262581,0.382312,0.355107
0.277158,0.371969,0.350873
0.33382,0.323739,0.342441
0.341669,0.320664,0.337667
0.389339,0.276461,0.3342
0.397835,0.266865,0.335301
0.397245,0.265635,0.33712
0.411551,0.256842,0.331606
0.41844,0.254946,0.326614
0.422141,0.252526,0.325333
0.410535,0.26397,0.325495
0.377658,0.287983,0.334359
0.340167,0.323731,0.336102
0.37411,0.29384,0.33205
0.390562,0.281004,0.328434
0.324513,0.33616,0.339326
0.319915,0.340299,0.339785
0.340342,0.301438,0.35822
0.283168,0.325545,0.391287
0.28753,0.340476,0.371994
0.318142,0.330508,0.35135
0.417782,0.256474,0.325744
0.358344,0.293245,0.348411
0.284647,0.334041,0.381312
0.2808,0.347256,0.371944
0.409148,0.25786,0.332992
0.405513,0.259513,0.334973
0.376056,0.288732,0.335213
0.392877,0.267487,0.339636
0.39795,0.266487,0.335563
0.405827,0.261514,0.332659
0.400098,0.269488,0.330414
0.381634,0.284465,0.3339
0.403043,0.270531,0.326426
0.377711,0.284789,0.3375
0.299899,0.340745,0.359357
0.28341,0.337404,0.379186
0.287209,0.316497,0.396294
0.278418,0.318564,0.403018
0.278994,0.324871,0.396135
0.27166,0.332068,0.396272
0.265973,0.355869,0.378158
0.270018,0.347199,0.382784
0.319024,0.306155,0.374821
0.339199,0.297272,0.363529
0.374457,0.282968,0.342574
0.363508,0.28891,0.347583
0.358719,0.291261,0.35002
0.365381,0.286241,0.348378
0.436286,0.244014,0.3197
0.449161,0.233339,0.3175
0.443631,0.237802,0.318567
0.457405,0.225283,0.317312
0.442796,0.236829,0.320374
0.454382,0.226751,0.318867
0.456985,0.227274,0.315741
0.454803,0.228909,0.316288
0.441885,0.238625,0.31949
0.44359,0.237252,0.319158
0.433807,0.242196,0.323997
0.425343,0.246338,0.328319
0.442097,0.234723,0.323181
0.423155,0.248466,0.328379
0.465876,0.220801,0.313323
0.40424,0.261449,0.334311
0.427704,0.245926,0.32637
0.403534,0.258829,0.337637
0.4029,0.257632,0.339468
0.403786,0.261298,0.334917
0.423977,0.248171,0.327853
0.419924,0.253036,0.32704
0.411725,0.263125,0.32515
0.336745,0.321149,0.342106
0.261528,0.382674,0.355798
0.240057,0.392461,0.367481
0.232621,0.391321,0.376058
0.24358,0.366085,0.390335
0.248788,0.37877,0.372442
0.239345,0.385469,0.375186
0.244922,0.390463,0.364615
0.282383,0.354138,0.363479
0.277393,0.358971,0.363635
0.294456,0.324918,0.380626
0.27959,0.320133,0.400277
0.312848,0.309259,0.377893
0.277504,0.35217,0.370326
0.264247,0.381552,0.354201
0.254918,0.388002,0.35708
0.344267,0.3187,0.337033
0.284565,0.353514,0.361921
0.253565,0.389014,0.357421
0.299721,0.354485,0.345794
0.260103,0.383964,0.355933
0.274787,0.374485,0.350728
0.286928,0.359969,0.353102
0.368382,0.30066,0.330958
0.385716,0.28402,0.330264
0.373678,0.296387,0.329936
0.287341,0.364544,0.348115
0.284596,0.351553,0.363851
0.271873,0.372817,0.355311
0.275385,0.368986,0.355629
0.281316,0.353214,0.365471
0.28983,0.33575,0.374419
0.360533,0.297117,0.342349
0.383507,0.283629,0.332864
0.411019,0.259441,0.32954
0.444931,0.236964,0.318106
0.468364,0.219437,0.312199
0.47669,0.213556,0.309754
0.471468,0.217253,0.311279
0.46384,0.222782,0.313378
0.425433,0.245366,0.329201
0.353291,0.282022,0.364687
0.27545,0.306796,0.417754
0.264675,0.316362,0.418963
0.263156,0.361027,0.375817
0.281962,0.339991,0.378046
0.341241,0.319587,0.339172
0.279183,0.364758,0.35606
0.371438,0.289161,0.339401
0.377246,0.291846,0.330908
0.399669,0.261492,0.338839
0.373587,0.281765,0.344648
0.350734,0.309853,0.339413
0.352396,0.309376,0.338229
0.400805,0.271439,0.327756
0.381699,0.280801,0.337499
0.372274,0.292938,0.334788
0.415393,0.259749,0.324859
0.387432,0.278803,0.333765
0.370955,0.293006,0.336039
0.356856,0.305642,0.337502
0.382399,0.283958,0.333643
0.391867,0.279503,0.32863
0.40048,0.272864,0.326657
0.305949,0.310282,0.383769
0.414507,0.254691,0.330803
0.460536,0.220267,0.319197
0.444241,0.230846,0.324913
0.425548,0.249514,0.324938
0.427371,0.242698,0.329931
0.430114,0.246029,0.323857
0.404014,0.264307,0.331679
0.430594,0.248308,0.321098
0.409641,0.264655,0.325704
0.417137,0.247055,0.335808
0.432786,0.233129,0.334084
0.326851,0.313095,0.360054
0.288952,0.329611,0.381437
0.293331,0.350662,0.356006
0.28298,0.361567,0.355454
0.289049,0.357474,0.353476
0.295947,0.338137,0.365916
0.297744,0.353591,0.348665
0.272702,0.375661,0.351636
0.269949,0.376699,0.353352
0.254142,0.387547,0.358311
0.281203,0.355834,0.362963
0.376564,0.290247,0.333189
0.430555,0.245083,0.324362
0.426031,0.251633,0.322336
0.355314,0.303007,0.341679
0.348071,0.31213,0.339799
0.325587,0.329858,0.344554
0.335627,0.319826,0.344548
0.274385,0.348028,0.377587
0.271703,0.341474,0.386823
0.258599,0.370799,0.370602
0.226978,0.397888,0.375134
0.22898,0.403121,0.367899
0.231612,0.401215,0.367173
0.264587,0.381778,0.353635
0.290522,0.359352,0.350126
0.331454,0.324344,0.344202
0.357805,0.301164,0.341031
0.381864,0.282544,0.335592
0.365126,0.295428,0.339446
0.373946,0.288618,0.337436
0.363251,0.302067,0.334682
0.326528,0.332644,0.340828
0.331044,0.328093,0.340863
0.354581,0.303982,0.341438
0.351524,0.30739,0.341087
0.353377,0.305858,0.340765
0.348658,0.31099,0.340352
0.227142,0.409226,0.363632
0.32853,0.326663,0.344806
0.33586,0.320812,0.343328
0.326693,0.330016,0.343291
0.3464,0.310945,0.342655
0.345691,0.313928,0.340381
0.342011,0.321009,0.33698
0.378424,0.285783,0.335794
0.392176,0.27698,0.330844
0.404969,0.269005,0.326026
0.484088,0.207829,0.308083
0.411926,0.259299,0.328775
0.421281,0.250892,0.327827
0.426119,0.246335,0.327546
0.432277,0.245301,0.322422
0.454011,0.229889,0.316101
0.455234,0.227953,0.316813
0.420562,0.250092,0.329346
0.422819,0.254169,0.323011
0.41673,0.258399,0.324871
0.415788,0.260544,0.323668
0.434,0.24567,0.32033
0.434157,0.245075,0.320768
0.445262,0.237012,0.317727
0.46497,0.221175,0.313854
0.448178,0.232541,0.319281
0.453837,0.23029,0.315872
0.463079,0.22276,0.314162
0.436546,0.242582,0.320872
0.46321,0.22339,0.3134
0.469711,0.218572,0.311717
0.43933,0.240002,0.320668
0.452718,0.229395,0.317887
0.437259,0.240219,0.322523
0.389834,0.272271,0.337895
0.366907,0.289296,0.343797
0.37808,0.283176,0.338744
0.377103,0.283111,0.339786
0.443374,0.238565,0.318061
0.465904,0.221236,0.31286
0.461518,0.224581,0.313901
0.469365,0.219085,0.31155
0.436789,0.241361,0.321851
0.45651,0.228527,0.314963
0.425832,0.243058,0.33111
0.439973,0.231744,0.328283
0.445186,0.229158,0.325656
0.441548,0.235072,0.32338
0.391845,0.27035,0.337805
0.417647,0.252531,0.329822
0.435224,0.243066,0.32171
0.413877,0.257796,0.328328
0.413794,0.259078,0.327128
0.39211,0.27838,0.32951
0.395268,0.276972,0.327761
0.417462,0.253575,0.328963
0.35502,0.304702,0.340278
0.374618,0.286959,0.338422
0.365211,0.293738,0.34105
0.255715,0.388006,0.356279
0.249781,0.391266,0.358953
0.250874,0.389754,0.359372
0.27524,0.366265,0.358495
0.239885,0.392018,0.368096
0.259783,0.377394,0.362822
0.237793,0.394,0.368207
0.281426,0.352833,0.365741
0.276827,0.3502,0.372974
0.276481,0.35082,0.372699
0.27689,0.340166,0.382944
0.330714,0.306524,0.362761
0.349342,0.292152,0.358507
0.361108,0.290119,0.348773
0.409491,0.259939,0.33057
0.36245,0.290908,0.346641
0.366714,0.286427,0.346859
0.337428,0.308141,0.354431
0.312526,0.322069,0.365405
0.378064,0.281472,0.340464
0.32634,0.330451,0.343209
0.245874,0.387784,0.366342
0.287225,0.342708,0.370067
0.26292,0.378838,0.358241
0.246015,0.391862,0.362123
0.235624,0.397575,0.3668
0.229799,0.401049,0.369153
0.230615,0.399565,0.36982
0.232459,0.399205,0.368337
0.247324,0.391648,0.361027
0.356119,0.300644,0.343237
0.389514,0.278933,0.331553
0.260496,0.382345,0.357159
0.285956,0.352195,0.36185
0.432998,0.246651,0.320351
0.429863,0.247577,0.32256
0.405242,0.263459,0.331298
0.404882,0.262839,0.332278
0.413509,0.257501,0.328991
0.330745,0.326886,0.34237
0.297646,0.356295,0.34606
0.301678,0.347595,0.350727
0.356387,0.303692,0.339921
0.340285,0.318142,0.341574
0.298922,0.35515,0.345929
0.323537,0.328543,0.34792
0.344299,0.310646,0.345055
0.40813,0.266118,0.325752
0.431448,0.240065,0.328486
0.416293,0.250352,0.333355
0.417833,0.247016,0.335151
0.397985,0.264667,0.337348
0.400069,0.262461,0.33747
0.428686,0.241867,0.329447
0.399507,0.271497,0.328996
0.380388,0.283762,0.33585
0.358723,0.300918,0.340359
0.34859,0.309086,0.342324
0.266858,0.378466,0.354676
0.271748,0.376584,0.351668
0.275726,0.374543,0.349731
0.316403,0.340268,0.343328
0.308616,0.34604,0.345343
0.320593,0.334191,0.345216
0.380085,0.281735,0.33818
0.431873,0.246256,0.321871
0.477258,0.213244,0.309498
0.506679,0.192311,0.30101
0.473905,0.215372,0.310723
0.433052,0.246608,0.32034
0.40468,0.266438,0.328881
0.386745,0.277108,0.336147
0.311911,0.340791,0.347298
0.279496,0.371254,0.349251
0.248451,0.391161,0.360387
0.232564,0.404399,0.363038
0.232853,0.40478,0.362367
0.207034,0.424861,0.368105
0.22121,0.413892,0.364898
0.227577,0.408885,0.363538
0.223678,0.410872,0.365449
0.233535,0.404252,0.362213
0.251677,0.389942,0.358381
0.33502,0.328994,0.335987
0.362539,0.303155,0.334306
0.381339,0.288742,0.329919
0.367483,0.299644,0.332873
0.411778,0.255763,0.33246
0.39761,0.270259,0.332131
0.415237,0.251419,0.333344
0.420325,0.248368,0.331307
0.419531,0.251442,0.329027
0.41794,0.258462,0.323598
0.325905,0.329932,0.344164
0.409885,0.26151,0.328606
0.447296,0.235251,0.317453
0.371593,0.288507,0.3399
0.32612,0.327341,0.346539
0.374695,0.285365,0.339941
0.359459,0.298551,0.34199
0.344223,0.312149,0.343628
0.343319,0.314032,0.342648
0.347281,0.299767,0.352952
0.358208,0.292826,0.348966
0.332467,0.318014,0.349518
0.356418,0.299847,0.343736
0.291853,0.337784,0.370363
0.319939,0.321845,0.358216
0.346129,0.306258,0.347612
0.425365,0.252255,0.32238
0.444184,0.237378,0.318437
0.485282,0.207256,0.307463
0.440505,0.236144,0.323351
0.439331,0.237661,0.323008
0.44098,0.239383,0.319637
0.378422,0.287697,0.333881
0.440443,0.23611,0.323447
0.354026,0.306033,0.33994
0.327378,0.326104,0.346519
0.323655,0.330225,0.346121
0.288548,0.353619,0.357832
0.241281,0.392579,0.36614
0.259001,0.379863,0.361136
0.274134,0.366235,0.359631
0.26018,0.381216,0.358603
0.261041,0.377847,0.361113
0.258749,0.377656,0.363595
0.319158,0.319319,0.361523
0.347216,0.30354,0.349244
0.286769,0.347873,0.365358
0.268397,0.36958,0.362023
0.258429,0.381749,0.359822
0.262032,0.381687,0.356281
0.280377,0.367338,0.352286
0.284022,0.35316,0.362818
0.280149,0.34116,0.37869
0.318857,0.318197,0.362946
0.322678,0.322829,0.354492
0.288885,0.349626,0.361489
0.292182,0.344664,0.363153
0.305671,0.330698,0.36363
0.316985,0.311857,0.371158
0.293588,0.325663,0.380749
0.284115,0.349112,0.366773
0.38865,0.280422,0.330928
0.375414,0.281965,0.34262
0.34713,0.314427,0.338443
0.327946,0.329256,0.342798
0.343798,0.313537,0.342665
0.371401,0.289709,0.338889
0.397342,0.272417,0.330241
0.372996,0.286834,0.340169
0.288949,0.320852,0.390199
0.353774,0.28113,0.365096
0.392605,0.266742,0.340653
0.399598,0.260364,0.340038
0.406123,0.263502,0.330375
0.44379,0.237398,0.318812
0.447823,0.235149,0.317027
0.414661,0.259063,0.326276
0.421283,0.255745,0.322972
0.434475,0.245511,0.320014
0.444961,0.236129,0.31891
0.443258,0.237811,0.31893
0.380178,0.28991,0.329912
0.324576,0.33772,0.337705
0.38235,0.288848,0.328802
0.353655,0.306686,0.339659
0.310017,0.339998,0.349985
0.366026,0.297818,0.336155
0.329969,0.325617,0.344414
0.266831,0.372935,0.360233
0.264008,0.372914,0.363078
0.26398,0.374406,0.361614
0.285635,0.362133,0.352231
0.335602,0.329114,0.335285
0.297609,0.347793,0.354598
0.295958,0.359973,0.344069
0.331269,0.325302,0.343429
0.262499,0.377718,0.359782
0.271993,0.370511,0.357496
0.299379,0.340374,0.360248
0.392134,0.272873,0.334994
0.406014,0.265133,0.328853
0.354979,0.306978,0.338042
0.319388,0.340251,0.34036
0.340855,0.319354,0.339791
0.338764,0.320527,0.340709
0.326132,0.332444,0.341424
0.358492,0.302135,0.339373
0.326532,0.331367,0.3421
0.342155,0.320103,0.337742
0.28137,0.358925,0.359705
0.266891,0.369136,0.363973
0.28668,0.35104,0.36228
0.300528,0.320092,0.37938
0.349829,0.300303,0.349868
0.414494,0.261501,0.324004
0.317041,0.33165,0.351309
0.292009,0.352719,0.355272
0.349395,0.313956,0.336649
0.389846,0.280323,0.329831
0.383497,0.28054,0.335964
0.350854,0.310723,0.338423
0.365503,0.300052,0.334445
0.327762,0.324118,0.34812
0.335681,0.32312,0.341199
0.321789,0.331245,0.346966
0.431121,0.24763,0.321248
0.44567,0.235643,0.318687
0.401295,0.265483,0.333222
0.35725,0.303067,0.339684
0.386065,0.279801,0.334134
0.37383,0.293661,0.332509
0.310796,0.345774,0.34343
0.406229,0.268101,0.32567
0.352364,0.309089,0.338547
0.248553,0.391007,0.36044
0.250319,0.389611,0.360071
0.233028,0.398887,0.368084
0.240677,0.393559,0.365764
0.250531,0.388688,0.360781
0.243659,0.393763,0.362578
0.240211,0.393505,0.366284
0.254776,0.382275,0.362949
0.250002,0.388544,0.361454
0.268571,0.375724,0.355705
0.382593,0.280733,0.336675
0.372729,0.2948,0.332471
0.41901,0.247998,0.332992
0.402727,0.261032,0.33624
0.407547,0.259317,0.333135
0.395346,0.276557,0.328097
0.382481,0.281204,0.336315
0.388102,0.273754,0.338143
0.356659,0.301267,0.342075
0.350725,0.306354,0.342921
0.33991,0.316135,0.343955
0.360318,0.297297,0.342385
0.355587,0.302091,0.342322
0.370275,0.288685,0.34104
0.361595,0.297442,0.340963
0.388678,0.278747,0.332575
0.478328,0.20495,0.316722
0.476784,0.20802,0.315196
0.445225,0.236428,0.318346
0.442629,0.238642,0.318729
0.411569,0.259564,0.328867
0.405987,0.267818,0.326195
0.355175,0.308015,0.33681
0.387349,0.276671,0.33598
0.421217,0.247452,0.331331
0.42472,0.243927,0.331352
0.288059,0.365201,0.34674
0.346631,0.318865,0.334504
0.366095,0.292486,0.341419
0.375692,0.291119,0.333189
0.403895,0.266464,0.329641
0.429253,0.240541,0.330206
0.456644,0.215841,0.327515
0.413218,0.248938,0.337844
0.406081,0.254461,0.339458
0.428026,0.240552,0.331422
0.466963,0.21503,0.318006
0.442652,0.232428,0.32492
0.452685,0.231065,0.31625
0.43903,0.240694,0.320276
0.430987,0.244674,0.324339
0.442045,0.234164,0.323791
0.432655,0.24383,0.323515
0.438257,0.235844,0.325899
0.501437,0.188039,0.310524
0.541758,0.166997,0.291245
0.580012,0.143365,0.276622
0.55497,0.15953,0.2855
0.550168,0.160401,0.289431
0.591713,0.136986,0.271301
0.573484,0.146647,0.279869
0.519733,0.175241,0.305026
0.52749,0.169572,0.302938
0.549838,0.158929,0.291234
0.472887,0.203543,0.323569
0.479303,0.203882,0.316815
0.464336,0.210896,0.324768
0.484389,0.203622,0.311989
0.495516,0.199804,0.30468
0.429471,0.249135,0.321394
0.39512,0.271163,0.333717
0.421619,0.255631,0.32275
0.452939,0.230884,0.316177
0.433933,0.241935,0.324132
0.432027,0.244405,0.323567
0.376363,0.28992,0.333717
0.23885,0.39763,0.36352
0.261149,0.380488,0.358363
0.258034,0.382566,0.3594
0.336169,0.318576,0.345255
0.405456,0.263815,0.330729
0.405232,0.266434,0.328334
0.376182,0.285081,0.338737
0.336422,0.322145,0.341433
0.264493,0.376843,0.358664
0.290503,0.347541,0.361956
0.361819,0.301329,0.336852
0.35909,0.303576,0.337334
0.368315,0.29194,0.339745
0.350162,0.304871,0.344967
0.433385,0.245963,0.320651
0.437767,0.240342,0.321891
0.447652,0.234956,0.317392
0.471976,0.212164,0.31586
0.484336,0.204921,0.310743
0.483714,0.207937,0.308349
0.472255,0.215998,0.311746
0.468878,0.218948,0.312174
0.467184,0.220313,0.312503
0.466295,0.220888,0.312816
0.269913,0.378467,0.35162
0.374981,0.292807,0.332213
0.39027,0.280111,0.329619
0.353653,0.306462,0.339885
0.364919,0.296498,0.338583
0.337908,0.321842,0.34025
0.378048,0.283781,0.338172
0.366035,0.29474,0.339225
0.3814,0.281278,0.337321
0.445869,0.23657,0.317562
0.496085,0.199564,0.304351
0.462691,0.223337,0.313973
0.462685,0.223337,0.313978
0.461406,0.224765,0.313829
0.469426,0.218344,0.31223
0.463628,0.220398,0.315974
0.439721,0.238668,0.321611
0.482364,0.208941,0.308696
0.463216,0.221126,0.315658
0.442576,0.23677,0.320654
0.46283,0.223808,0.313362
0.406415,0.261738,0.331847
0.404344,0.263742,0.331914
0.406042,0.262747,0.331211
0.392181,0.271074,0.336746
0.42843,0.249552,0.322018
0.450772,0.232772,0.316456
0.403013,0.264283,0.332703
0.42676,0.249227,0.324012
0.439228,0.241074,0.319697
0.429466,0.240544,0.329989
0.462122,0.218063,0.319815
0.465669,0.216653,0.317678
0.459919,0.221282,0.318799
0.437664,0.236566,0.32577
0.441489,0.234739,0.323771
0.436754,0.236857,0.326389
0.407681,0.266527,0.325792
0.339633,0.319926,0.340441
0.339462,0.323948,0.33659
0.277582,0.371137,0.351282
0.28326,0.364966,0.351774
0.28624,0.357011,0.356749
0.272458,0.37217,0.355372
0.275801,0.370241,0.353958
0.270351,0.374633,0.355016
0.334442,0.322994,0.342564
0.362699,0.293204,0.344098
0.405394,0.259215,0.335391
0.41149,0.257402,0.331108
0.454326,0.226701,0.318973
0.45913,0.223483,0.317387
0.47166,0.216501,0.311839
0.481018,0.210265,0.308717
0.486047,0.206741,0.307212
0.462514,0.223627,0.313859
0.357885,0.301608,0.340507
0.361872,0.298202,0.339926
0.356561,0.305619,0.33782
0.290773,0.359059,0.350168
0.270306,0.377176,0.352517
0.26639,0.379905,0.353705
0.314715,0.341124,0.344161
0.310665,0.344287,0.345048
0.3229,0.33373,0.34337
0.373493,0.289986,0.336521
0.42101,0.255857,0.323133
0.383025,0.280922,0.336054
0.325497,0.329403,0.345099
0.363529,0.295154,0.341317
0.35713,0.300732,0.342138
0.39641,0.268189,0.335401
0.340557,0.31538,0.344063
0.314138,0.339081,0.346781
0.261731,0.383811,0.354459
0.254129,0.389179,0.356692
0.256206,0.387609,0.356186
0.258603,0.385425,0.355972
0.397568,0.268264,0.334168
0.414998,0.257465,0.327538
0.272839,0.372733,0.354428
0.221894,0.407079,0.371028
0.225932,0.409719,0.364349
0.2455,0.395089,0.359411
0.232776,0.40484,0.362384
0.237626,0.401099,0.361276
0.234345,0.403626,0.362029
0.228583,0.408099,0.363317
0.191862,0.437768,0.37037
0.197718,0.432583,0.369699
0.220868,0.413266,0.365866
0.238981,0.400059,0.36096
0.246943,0.392529,0.360527
0.23544,0.402256,0.362305
0.246893,0.394034,0.359073
0.313141,0.340992,0.345867
0.331494,0.32345,0.345056
0.314773,0.339426,0.345801
0.482258,0.207322,0.31042
0.445853,0.236408,0.317739
0.465704,0.22049,0.313806
0.462083,0.22416,0.313757
0.477377,0.211517,0.311106
0.482505,0.209456,0.308039
0.478068,0.212201,0.309731
0.482515,0.208617,0.308868
0.467565,0.218453,0.313982
0.491081,0.202313,0.306606
0.395075,0.271655,0.33327
0.408083,0.263763,0.328154
0.31227,0.336006,0.351725
0.382274,0.288825,0.328902
0.351965,0.312847,0.335188
0.405191,0.267577,0.327232
0.425514,0.246225,0.328261
0.356583,0.309672,0.333745
0.355273,0.311825,0.332902
0.339708,0.324319,0.335973
0.289195,0.364408,0.346397
0.339907,0.323274,0.33682
0.384769,0.286069,0.329162
0.376007,0.294255,0.329739
0.363108,0.306165,0.330726
0.265985,0.376293,0.357723
0.253625,0.385381,0.360994
0.252498,0.385516,0.361986
0.403584,0.270077,0.326339
0.419021,0.253251,0.327728
0.436536,0.237249,0.326215
0.430701,0.240993,0.328306
0.465262,0.216122,0.318616
0.476086,0.212001,0.311913
0.486827,0.205406,0.307767
0.473724,0.213215,0.313061
0.475301,0.213767,0.310931
0.465386,0.20933,0.325284
0.365342,0.294649,0.340009
0.360769,0.298128,0.341103
0.304516,0.331539,0.363944
0.315157,0.322283,0.36256
0.29041,0.343265,0.366325
0.282342,0.358047,0.359612
0.268924,0.371374,0.359703
0.380981,0.287624,0.331394
0.41963,0.246912,0.333457
0.435509,0.242219,0.322272
0.419467,0.252813,0.327719
0.41191,0.262556,0.325534
0.391209,0.277999,0.330792
0.399258,0.268416,0.332327
0.367634,0.293713,0.338652
0.371503,0.282374,0.346124
0.373723,0.279553,0.346724
0.372385,0.278953,0.348662
0.388049,0.262104,0.349848
0.403165,0.248688,0.348147
0.439405,0.226711,0.333884
0.43011,0.234462,0.335427
0.46599,0.209526,0.324484
0.457505,0.215137,0.327358
0.481255,0.202532,0.316213
0.476699,0.208822,0.314479
0.467066,0.216345,0.316589
0.44792,0.234456,0.317624
0.329237,0.327178,0.343586
0.340151,0.316834,0.343015
0.313168,0.338355,0.348477
0.303909,0.34764,0.348451
0.284623,0.364581,0.350796
0.288528,0.363508,0.347964
0.269283,0.378068,0.35265
0.26014,0.384118,0.355742
0.262168,0.38276,0.355071
0.257722,0.385912,0.356366
0.278872,0.372431,0.348697
0.249089,0.391668,0.359244
0.245574,0.395033,0.359393
0.26694,0.380136,0.352924
0.250899,0.391013,0.358087
0.2523,0.389962,0.357738
0.338428,0.3198,0.341772
0.317172,0.339695,0.343133
0.269234,0.377256,0.35351
0.261136,0.380961,0.357903
0.269876,0.375378,0.354745
0.336456,0.327246,0.336298
0.283837,0.367703,0.34846
0.264966,0.379275,0.355759
0.262581,0.381765,0.355654
0.243343,0.392731,0.363927
0.234422,0.39966,0.365918
0.242046,0.39495,0.363004
0.275749,0.373781,0.350471
0.397095,0.275226,0.327679
0.304848,0.350932,0.34422
0.33589,0.32001,0.3441
0.367612,0.291062,0.341326
0.356812,0.291395,0.351793
0.411495,0.252972,0.335532
0.439132,0.233444,0.327424
0.415422,0.248439,0.336139
0.439364,0.233899,0.326736
0.433625,0.237389,0.328987
0.385395,0.273353,0.341252
0.404448,0.258406,0.337146
0.253405,0.38969,0.356904
0.308981,0.345626,0.345393
0.270333,0.377704,0.351963
0.272259,0.376266,0.351475
0.273102,0.376196,0.350702
0.261093,0.382455,0.356453
0.268604,0.378851,0.352545
0.255917,0.387257,0.356826
0.299583,0.354478,0.345939
0.3532,0.306376,0.340424
0.463363,0.221593,0.315044
0.447816,0.232266,0.319919
0.458411,0.226339,0.31525
0.430815,0.243038,0.326147
0.431934,0.244919,0.323147
0.429278,0.247451,0.323271
0.41251,0.259362,0.328128
0.418598,0.258055,0.323347
0.418496,0.258082,0.323422
0.411076,0.263573,0.325352
0.384559,0.281922,0.33352
0.359722,0.299936,0.340342
0.328408,0.327564,0.344028
0.33821,0.318873,0.342918
0.303818,0.351788,0.344394
0.336303,0.325187,0.33851
0.423904,0.248051,0.328046
0.425095,0.244278,0.330627
0.414209,0.2531,0.332691
0.418409,0.252375,0.329216
0.422353,0.250327,0.327319
0.442165,0.235164,0.322672
0.445002,0.237013,0.317985
0.452539,0.231114,0.316347
0.472631,0.216196,0.311173
0.483985,0.20758,0.308435
0.439349,0.241421,0.31923
0.418055,0.256948,0.324997
0.392605,0.273504,0.333891
0.374433,0.288011,0.337556
0.358024,0.300379,0.341597
0.312984,0.341461,0.345555
0.319808,0.335945,0.344246
0.286571,0.364806,0.348623
0.265496,0.381194,0.35331
0.282228,0.369225,0.348548
0.252854,0.389546,0.3576
0.251498,0.390564,0.357938
0.259952,0.384257,0.355791
0.325488,0.331107,0.343405
0.322629,0.332583,0.344788
0.347924,0.312737,0.339339
0.386113,0.277127,0.33676
0.406696,0.263961,0.329343
0.428917,0.248663,0.322421
0.398262,0.266614,0.335123
0.442064,0.239224,0.318712
0.453363,0.23059,0.316047
0.451741,0.232055,0.316205
0.43654,0.243726,0.319735
0.450919,0.232478,0.316603
0.443906,0.237676,0.318418
0.434931,0.243249,0.32182
0.445913,0.235961,0.318126
0.38339,0.277207,0.339403
0.401558,0.259531,0.338911
0.407673,0.254863,0.337463
0.414528,0.251035,0.334437
0.429275,0.239123,0.331602
0.410552,0.253807,0.335641
0.398692,0.266767,0.334541
0.398229,0.269519,0.332252
0.372582,0.296019,0.3314
0.34969,0.31474,0.33557
0.4188,0.255291,0.325909
0.383638,0.280161,0.336201
0.369642,0.294259,0.336098
0.379154,0.284467,0.33638
0.370495,0.294125,0.335379
0.395513,0.274282,0.330205
0.437032,0.240119,0.322848
0.408863,0.259492,0.331645
0.401746,0.262241,0.336013
0.391498,0.273291,0.335211
0.392876,0.271292,0.335832
0.379819,0.28895,0.331231
0.412776,0.260108,0.327116
0.403201,0.269226,0.327573
0.410862,0.26413,0.325008
0.291507,0.357353,0.351141
0.25446,0.385745,0.359795
0.316625,0.338828,0.344547
0.31764,0.337215,0.345145
0.324931,0.329437,0.345632
0.268534,0.379028,0.352438
0.307829,0.345692,0.346478
0.25902,0.384086,0.356893
0.242056,0.39249,0.365454
0.247205,0.391339,0.361455
0.309041,0.343622,0.347337
0.292231,0.356922,0.350847
0.260362,0.380623,0.359015
0.294498,0.339261,0.366241
0.332831,0.317549,0.34962
0.390448,0.274712,0.334839
0.357861,0.29524,0.346899
0.379973,0.282387,0.33764
0.425309,0.251438,0.323253
0.335718,0.307712,0.35657
0.282606,0.343087,0.374308
0.285062,0.347644,0.367294
0.301404,0.34276,0.355836
0.247524,0.38876,0.363716
0.248237,0.389196,0.362567
0.249386,0.390441,0.360173
0.2552,0.387931,0.356869
0.25763,0.386348,0.356022
0.261561,0.383627,0.354811
0.310288,0.347976,0.341735
0.305127,0.351985,0.342888
0.401128,0.270221,0.328651
0.396317,0.273281,0.330402
0.41164,0.261108,0.327252
0.396159,0.276362,0.327479
0.383168,0.287134,0.329698
0.354332,0.311256,0.334413
0.305263,0.351137,0.3436
0.34985,0.316585,0.333565
0.364628,0.302532,0.33284
0.403326,0.263046,0.333629
0.390099,0.281635,0.328266
0.402164,0.271268,0.326568
0.415287,0.260307,0.324406
0.439959,0.240628,0.319413
0.427482,0.250371,0.322147
0.448621,0.234121,0.317258
0.445932,0.236013,0.318055
0.413594,0.258683,0.327723
0.381824,0.283416,0.33476
0.397348,0.269123,0.33353
0.35532,0.304972,0.339707
0.357665,0.30663,0.335705
0.304436,0.351657,0.343906
0.246543,0.394299,0.359158
0.250249,0.391503,0.358249
0.243972,0.39625,0.359779
0.253631,0.388965,0.357405
0.248077,0.393139,0.358783
0.240714,0.396599,0.362687
0.239362,0.396893,0.363745
0.228581,0.403002,0.368417
0.225273,0.403631,0.371096
0.22513,0.401055,0.373816
0.237782,0.393818,0.3684
0.228879,0.399015,0.372107
0.243126,0.390251,0.366623
0.28942,0.353545,0.357036
0.310549,0.33772,0.351731
0.393989,0.276363,0.329648
0.361631,0.302086,0.336283
0.401675,0.27146,0.326865
0.424834,0.248656,0.32651
0.418991,0.25185,0.329158
0.422094,0.249922,0.327984
0.435015,0.238058,0.326927
0.411385,0.263389,0.325226
0.262544,0.37779,0.359665
0.28525,0.346345,0.368404
0.282226,0.345293,0.372482
0.311073,0.33909,0.349837
0.285316,0.363504,0.351179
0.242772,0.391666,0.365562
0.249821,0.38724,0.362939
0.239578,0.395788,0.364633
0.236403,0.397939,0.365658
0.241647,0.394981,0.363373
0.258511,0.38553,0.355959
0.255605,0.387474,0.356922
0.270259,0.376771,0.35297
0.268568,0.378244,0.353188
0.339814,0.322516,0.33767
0.367845,0.296037,0.336118
0.361852,0.297438,0.34071
0.448335,0.234871,0.316794
0.449463,0.230607,0.319929
0.454051,0.223784,0.322165
0.469102,0.218177,0.312721
0.465016,0.220702,0.314282
0.460035,0.225719,0.314246
0.453898,0.229992,0.31611
0.442583,0.23917,0.318247
0.406476,0.26263,0.330894
0.416139,0.259739,0.324122
0.297275,0.357961,0.344765
0.307594,0.343908,0.348498
0.27536,0.366421,0.35822
0.265582,0.380511,0.353907
0.303997,0.351929,0.344074
0.334863,0.325956,0.33918
0.323663,0.331749,0.344588
0.279173,0.371555,0.349272
0.270999,0.377539,0.351463
0.302161,0.353644,0.344195
0.361685,0.299461,0.338854
0.318421,0.338937,0.342642
0.335796,0.322555,0.341649
0.3305,0.329812,0.339688
0.262206,0.382528,0.355266
0.246409,0.393162,0.360428
0.250417,0.389394,0.360189
0.251008,0.388359,0.360633
0.25901,0.382912,0.358078
0.250645,0.388979,0.360376
0.253371,0.387901,0.358728
0.295146,0.358527,0.346327
0.275855,0.37262,0.351525
0.331284,0.329269,0.339447
0.319847,0.337979,0.342175
0.351143,0.314249,0.334609
0.399085,0.274122,0.326793
0.429396,0.24931,0.321293
0.38801,0.272899,0.339091
0.365873,0.28781,0.346317
0.344556,0.306486,0.348957
0.355489,0.298015,0.346496
0.311943,0.31421,0.373847
0.282255,0.346637,0.371108
0.327566,0.308803,0.363632
0.414897,0.25605,0.329053
0.369461,0.289187,0.341352
0.377873,0.286508,0.33562
0.398459,0.268276,0.333265
0.399194,0.264325,0.336481
0.428734,0.240753,0.330513
0.402207,0.264854,0.332939
0.396856,0.267015,0.336129
0.400589,0.264211,0.3352
0.391375,0.274125,0.3345
0.353947,0.310089,0.335965
0.382192,0.285538,0.33227
0.413432,0.261919,0.324649
0.409877,0.263019,0.327104
0.416022,0.258046,0.325932
0.458616,0.226226,0.315159
0.449383,0.231598,0.319019
0.452211,0.230284,0.317505
0.425653,0.249219,0.325127
0.427831,0.245971,0.326198
0.428484,0.243205,0.328311
0.426939,0.246303,0.326758
0.385358,0.283013,0.331629
0.399803,0.267864,0.332333
0.431165,0.246343,0.322492
0.355267,0.294289,0.350444
0.39798,0.266756,0.335264
0.395658,0.269924,0.334418
0.455324,0.229122,0.315554
0.459714,0.226117,0.314169
0.452991,0.230919,0.31609
0.447537,0.235162,0.317301
0.452024,0.231705,0.316271
0.451432,0.232251,0.316318
0.418714,0.257978,0.323307
0.395488,0.274483,0.33003
0.368561,0.297941,0.333499
0.389035,0.282561,0.328404
0.367109,0.300756,0.332135
0.333218,0.32894,0.337842
0.330245,0.331248,0.338508
0.344192,0.319215,0.336593
0.327924,0.334111,0.337965
0.304095,0.352136,0.34377
0.344991,0.321099,0.33391
0.350785,0.316006,0.333209
0.342567,0.31312,0.344312
0.330606,0.322759,0.346634
0.336429,0.312664,0.350907
0.338455,0.307889,0.353656
0.357339,0.299515,0.343145
0.387121,0.282373,0.330506
0.408489,0.265808,0.325703
0.403582,0.269922,0.326496
0.360501,0.302591,0.336908
0.405032,0.266795,0.328173
0.414251,0.261422,0.324328
0.420422,0.256188,0.32339
0.417905,0.258227,0.323867
0.391247,0.273621,0.335132
0.411884,0.259142,0.328975
0.396347,0.269689,0.333963
0.427792,0.247332,0.324876
0.433553,0.243046,0.3234
0.392908,0.267956,0.339136
0.284789,0.34193,0.373281
0.283285,0.339645,0.37707
0.286995,0.339038,0.373967
0.335577,0.31653,0.347893
0.370642,0.292081,0.337276
0.347135,0.312111,0.340754
0.35344,0.306567,0.339993
0.354222,0.305161,0.340618
0.397724,0.26897,0.333306
0.365144,0.295393,0.339462
0.42038,0.25666,0.322961
0.40586,0.266577,0.327563
0.38361,0.281039,0.335351
0.299431,0.348184,0.352385
0.332315,0.324596,0.343089
0.323101,0.335208,0.341691
0.29894,0.348168,0.352892
0.262246,0.378229,0.359524
0.239199,0.393778,0.367024
0.263436,0.37342,0.363144
0.281674,0.365311,0.353015
0.244349,0.392284,0.363366
0.242531,0.37924,0.378229
0.263226,0.344275,0.392499
0.234251,0.385634,0.380115
0.237792,0.385812,0.376396
0.241029,0.385777,0.373194
0.243137,0.382139,0.374723
0.277096,0.347333,0.375572
0.276807,0.354508,0.368685
0.260202,0.380566,0.359232
0.279482,0.362763,0.357756
0.262692,0.370616,0.366692
0.257266,0.357951,0.384783
0.269922,0.340662,0.389417
0.281652,0.348532,0.369816
0.340672,0.312051,0.347277
0.355786,0.299578,0.344635
0.290386,0.347501,0.362113
0.249539,0.381845,0.368616
0.306063,0.341394,0.352542
0.349947,0.313233,0.33682
0.413568,0.262054,0.324378
0.426086,0.249655,0.324259
0.415797,0.252956,0.331246
0.42413,0.246822,0.329048
0.385712,0.281282,0.333006
0.376402,0.287576,0.336022
0.376436,0.289151,0.334413
0.424955,0.251197,0.323848
0.390978,0.278907,0.330115
0.40228,0.269313,0.328407
0.410328,0.25818,0.331493
0.404893,0.26906,0.326048
0.406191,0.267944,0.325865
0.401455,0.270847,0.327699
0.363389,0.303916,0.332694
0.283348,0.368312,0.34834
0.264925,0.377478,0.357597
0.259455,0.383256,0.357289
0.249344,0.391171,0.359485
0.262447,0.381706,0.355847
0.253591,0.387742,0.358666
0.250708,0.389162,0.36013
0.236722,0.399935,0.363342
0.228547,0.407158,0.364295
0.228815,0.40758,0.363606
0.230595,0.405297,0.364108
0.23907,0.399094,0.361837
0.233543,0.403594,0.362864
0.24969,0.389897,0.360414
0.247208,0.391884,0.360908
0.252163,0.388855,0.358981
0.239203,0.399889,0.360908
0.249287,0.392227,0.358486
0.255991,0.386466,0.357543
0.264126,0.380621,0.355253
0.327676,0.333894,0.33843
0.267621,0.37809,0.35429
0.352223,0.306934,0.340843
0.345932,0.310334,0.343734
0.297168,0.354842,0.34799
0.319101,0.334891,0.346008
0.354033,0.303717,0.34225
0.447244,0.235084,0.317672
0.461822,0.224055,0.314123
0.390029,0.271066,0.338905
0.376469,0.292198,0.331334
0.355903,0.311213,0.332884
0.334599,0.329917,0.335484
0.290985,0.344007,0.365008
0.284295,0.365469,0.350235
0.288729,0.357547,0.353724
0.299321,0.342698,0.357981
0.264234,0.375058,0.360709
0.265086,0.369942,0.364972
0.268521,0.377574,0.353905
0.291949,0.357786,0.350266
0.360321,0.302634,0.337045
0.399426,0.273615,0.326959
0.413064,0.25688,0.330055
0.421516,0.248615,0.329869
0.403332,0.261273,0.335395
0.396493,0.26956,0.333947
0.372686,0.296326,0.330988
0.352431,0.31559,0.331979
0.371727,0.297265,0.331008
0.35579,0.312819,0.331391
0.33985,0.325265,0.334885
0.282787,0.367514,0.349699
0.255928,0.386294,0.357778
0.258223,0.38354,0.358237
0.251641,0.386701,0.361657
0.312288,0.344209,0.343503
0.287391,0.360697,0.351912
0.282632,0.35089,0.366478
0.272236,0.367924,0.35984
0.288933,0.352138,0.358929
0.30676,0.344323,0.348916
0.287941,0.358298,0.353761
0.351659,0.310349,0.337992
0.387201,0.277647,0.335152
0.396841,0.271354,0.331806
0.318552,0.331792,0.349656
0.267276,0.37677,0.355954
0.269035,0.376777,0.354188
0.255535,0.381393,0.363072
0.261669,0.366996,0.371335
0.259277,0.365384,0.375339
0.252862,0.373052,0.374086
0.263682,0.368476,0.367841
0.236623,0.380596,0.382782
0.247049,0.37587,0.37708
0.257774,0.358136,0.38409
0.26781,0.337866,0.394324
0.267079,0.340306,0.392615
0.275322,0.344563,0.380115
0.358554,0.298876,0.34257
0.324879,0.330829,0.344293
0.312035,0.34242,0.345545
0.241425,0.390235,0.368339
0.283061,0.360411,0.356528
0.256599,0.38633,0.357071
0.268204,0.377503,0.354293
0.24585,0.394219,0.359931
0.242296,0.397525,0.360179
0.24531,0.395233,0.359456
0.214785,0.409,0.376215
0.207404,0.414369,0.378227
0.209665,0.412317,0.378017
0.218903,0.409937,0.37116
0.224593,0.405078,0.370329
0.219095,0.405843,0.375062
0.223617,0.407207,0.369176
0.312672,0.341932,0.345396
0.268454,0.377608,0.353939
0.262992,0.381192,0.355817
0.350704,0.295749,0.353548
0.36185,0.273468,0.364682
0.366769,0.279318,0.353912
0.377024,0.275038,0.347938
0.372584,0.280766,0.34665
0.381359,0.272002,0.346638
0.371142,0.282818,0.34604
0.357283,0.290222,0.352495
0.430002,0.24198,0.328018
0.455627,0.22839,0.315983
0.454342,0.228455,0.317202
0.466094,0.221036,0.31287
0.472572,0.216043,0.311384
0.448792,0.233204,0.318004
0.438781,0.239742,0.321478
0.445641,0.235438,0.318921
0.480679,0.210101,0.30922
0.474476,0.214634,0.31089
0.464269,0.221819,0.313912
0.442778,0.23187,0.325352
0.44232,0.233439,0.324241
0.43742,0.238374,0.324206
0.397036,0.271349,0.331615
0.408925,0.256897,0.334178
0.405374,0.259237,0.335389
0.393787,0.273247,0.332967
0.366696,0.302652,0.330652
0.36996,0.29927,0.33077
0.373329,0.294383,0.332288
0.407479,0.26487,0.327652
0.408509,0.261866,0.329625
0.429355,0.241648,0.328997
0.445068,0.23004,0.324892
0.422724,0.248552,0.328724
0.424179,0.24942,0.326401
0.424317,0.251067,0.324615
0.432428,0.24044,0.327132
0.422011,0.249353,0.328635
0.401295,0.268455,0.33025
0.34452,0.320651,0.334828
0.270476,0.376135,0.353389
0.258796,0.38378,0.357424
0.269882,0.37706,0.353058
0.341645,0.321736,0.336619
0.320884,0.337223,0.341893
0.315295,0.339545,0.345161
0.259997,0.374848,0.365155
0.265652,0.362985,0.371363
0.256474,0.368338,0.375188
0.255243,0.373781,0.370976
0.248946,0.3822,0.368853
0.23611,0.388031,0.375858
0.220575,0.402508,0.376918
0.217225,0.406079,0.376696
0.213667,0.408826,0.377507
0.21309,0.410994,0.375916
0.224809,0.404769,0.370422
0.227284,0.404249,0.368467
0.227531,0.407076,0.365393
0.227092,0.40713,0.365777
0.230672,0.400069,0.369259
0.261158,0.345028,0.393814
0.299067,0.314983,0.38595
0.302568,0.311596,0.385835
0.307205,0.308548,0.384247
0.311756,0.306508,0.381736
0.310065,0.314171,0.375764
0.317796,0.335452,0.346751
0.396766,0.275675,0.327559
0.389422,0.276989,0.333588
0.391595,0.274347,0.334057
0.365907,0.30341,0.330683
0.362726,0.303857,0.333417
0.35322,0.310693,0.336087
0.408895,0.261299,0.329805
0.415432,0.256661,0.327907
0.378153,0.292007,0.32984
0.292373,0.361518,0.346109
0.275589,0.372585,0.351827
0.273588,0.373664,0.352748
0.32807,0.331869,0.340062
0.33791,0.322254,0.339836
0.296718,0.356648,0.346634
0.290464,0.362901,0.346635
0.26038,0.38281,0.356811
0.226674,0.407411,0.365916
0.232574,0.402954,0.364472
