0,1,2,3,4,5,6,7,8,9
0,0,0,0,0,0,0,0,0,0
0,0,0,0,0,0,0,0,0,0
0,0,0,0,0,0,0,0,0,0
0,0,0,0,0,0,0,0,0,0
0,0,0,0,0,0,0,0,0,0
0,0,0,0,0,0,0,0,0,0
0,0,0,0,0,0,0,0,0,0
0,0,0,0,0,0,0,0,0,0
0,0,0,0,0,0,0,0,0,0
0.103314,0.0959626,0.0964295,0.0923452,0.0957122,0.103607,0.110154,0.0910733,0.117968,0.0934332
0.100795,0.09812,0.100047,0.0945588,0.0966009,0.102642,0.106702,0.0963853,0.109764,0.0943846
0.101248,0.0984118,0.0997578,0.0974175,0.0995299,0.100003,0.102691,0.0969442,0.104917,0.0990794
0.100208,0.0976249,0.101313,0.102559,0.0973566,0.101236,0.104063,0.103045,0.0972808,0.0953149
0.101037,0.0960297,0.101202,0.100046,0.0993739,0.0994003,0.10438,0.10276,0.0995626,0.0962082
0.100107,0.0962517,0.101481,0.101485,0.0963344,0.101401,0.104828,0.104034,0.0989709,0.0951075
0.0994693,0.0962253,0.101635,0.102851,0.0982113,0.100541,0.104469,0.103634,0.0970977,0.0958655
0.102277,0.0971718,0.098595,0.0987811,0.104015,0.0978228,0.105508,0.0991508,0.0979699,0.0987088
0.103243,0.0944208,0.098265,0.100664,0.106248,0.0974935,0.109062,0.100725,0.0942356,0.095644
0.104645,0.0994334,0.0965905,0.097145,0.108417,0.095998,0.108275,0.101088,0.0927807,0.095628
0.102933,0.0962613,0.099649,0.101081,0.103074,0.0980478,0.111074,0.103367,0.0917581,0.0927553
0.101994,0.0940375,0.0987702,0.10425,0.10394,0.098113,0.107526,0.100443,0.0945736,0.0963526
0.101978,0.095475,0.0999009,0.102636,0.0985795,0.101912,0.105958,0.100097,0.0971574,0.0963054
0.100933,0.0982097,0.0996042,0.0996382,0.0993158,0.101668,0.10059,0.0989807,0.10159,0.0994693
0.102119,0.0998746,0.102517,0.0967823,0.0968568,0.104207,0.100878,0.0971417,0.102732,0.0968909
0.102794,0.0996148,0.10488,0.0949453,0.0984848,0.101926,0.0980358,0.0970779,0.101971,0.100271
0.103744,0.10101,0.105332,0.0923675,0.0985533,0.101894,0.0994115,0.0961658,0.102101,0.0994208
0.102676,0.106362,0.104946,0.0885304,0.0963139,0.103213,0.0989012,0.0980744,0.103954,0.0970283
0.102065,0.110478,0.102647,0.0876618,0.0978264,0.0999765,0.0996052,0.0973122,0.103928,0.0985001
0.100755,0.0986941,0.0968182,0.0976656,0.100609,0.0989723,0.100576,0.0966231,0.106697,0.10259
0.100928,0.101004,0.0985397,0.0953752,0.0995073,0.0998254,0.101012,0.0957141,0.107559,0.100535
0.0998568,0.102655,0.102013,0.0938476,0.0976909,0.0986269,0.0973412,0.0986656,0.106881,0.102422
0.0985271,0.103996,0.10468,0.0895944,0.0997207,0.099241,0.097042,0.102444,0.10274,0.102015
0.100244,0.101708,0.0962624,0.0968771,0.102748,0.0964887,0.0970695,0.0978268,0.105231,0.105544
0.0990478,0.107575,0.0948265,0.094732,0.106112,0.0947206,0.0982387,0.100177,0.0999789,0.104592
0.100499,0.106649,0.0955019,0.0955226,0.104524,0.0957026,0.0979636,0.0986785,0.101263,0.103696
0.0997137,0.105586,0.0962665,0.0958257,0.101333,0.0969769,0.09594,0.100184,0.10472,0.103455
0.102172,0.103885,0.0939988,0.0971467,0.0985992,0.0983769,0.0979119,0.0991869,0.107484,0.101239
0.101863,0.101243,0.0983652,0.0989219,0.0963107,0.100503,0.0994783,0.0997303,0.105083,0.0985021
0.100349,0.102616,0.100286,0.0977679,0.0956344,0.10356,0.0982512,0.101957,0.103528,0.0960495
0.101837,0.104672,0.100556,0.0979623,0.0908165,0.105517,0.099335,0.102065,0.104749,0.0924895
0.102926,0.104611,0.0983603,0.100234,0.0916254,0.104974,0.101492,0.101242,0.103109,0.0914261
0.102785,0.105475,0.0988499,0.0996168,0.0928616,0.102566,0.101908,0.100931,0.102346,0.0926598
0.104882,0.104227,0.0979441,0.101721,0.0883719,0.107656,0.101963,0.102002,0.103791,0.0874412
0.105439,0.103536,0.0991504,0.0999484,0.0878458,0.107882,0.101353,0.101254,0.104149,0.0894435
0.108537,0.0996118,0.0994066,0.101802,0.0876922,0.108048,0.102967,0.0986286,0.102144,0.0911624
0.109215,0.0989358,0.099522,0.10067,0.0896571,0.107126,0.102658,0.0971497,0.101764,0.0933031
0.109791,0.0992634,0.0986669,0.0992185,0.0890505,0.109056,0.102213,0.0958077,0.102797,0.0941362
0.107175,0.101388,0.0990429,0.100421,0.0920082,0.104838,0.102369,0.0944371,0.100748,0.0975732
0.105687,0.100937,0.0998804,0.100987,0.0936094,0.103508,0.102675,0.095546,0.0995344,0.097637
0.102995,0.103428,0.0990061,0.0996321,0.0968371,0.100468,0.103376,0.0939709,0.100915,0.0993726
0.104292,0.0998705,0.0992795,0.100999,0.0981071,0.100519,0.103362,0.095797,0.0990529,0.0987201
0.103059,0.0979278,0.098838,0.103127,0.0988581,0.101658,0.101697,0.0969422,0.0991966,0.0986964
0.10239,0.0988231,0.100372,0.101291,0.100819,0.0982825,0.100873,0.0963824,0.0996103,0.101158
0.101497,0.0978764,0.0998435,0.0989732,0.101175,0.0995761,0.100616,0.0977446,0.101782,0.100916
0.101936,0.0988131,0.100246,0.0994386,0.105261,0.0961012,0.103332,0.0984912,0.0966864,0.0996945
0.104832,0.101027,0.0995015,0.0959649,0.105924,0.0954111,0.104007,0.0971594,0.0961002,0.100073
0.103741,0.102857,0.0959023,0.0945877,0.108809,0.093844,0.103184,0.0990657,0.0968068,0.101203
0.102245,0.108845,0.0926818,0.091167,0.11078,0.0923542,0.100494,0.0996597,0.0981631,0.10361
0.101812,0.112184,0.0913235,0.089029,0.111421,0.0913714,0.0987582,0.0991352,0.0994252,0.105541
0.103163,0.112613,0.09498,0.0879651,0.109252,0.091947,0.101091,0.0981338,0.0969298,0.103926
0.102612,0.110116,0.095099,0.0905561,0.107821,0.0924561,0.100466,0.0987017,0.0984513,0.103721
0.103661,0.112278,0.0937122,0.0877857,0.106296,0.093721,0.0992041,0.0974046,0.100809,0.105128
0.103846,0.108572,0.0939461,0.0908149,0.105628,0.0929881,0.0987986,0.0957762,0.103534,0.106097
0.104768,0.105978,0.0934342,0.0905777,0.105371,0.0935373,0.0996973,0.0954551,0.105401,0.105781
0.10615,0.101865,0.0932189,0.0911355,0.102415,0.0967039,0.101322,0.0945026,0.108696,0.10399
0.106871,0.101947,0.0931137,0.0895887,0.102716,0.0953892,0.103194,0.0930116,0.110484,0.103685
0.103978,0.0994213,0.0986162,0.0914565,0.0989327,0.100623,0.108104,0.0945938,0.108667,0.0956075
0.102678,0.100468,0.0998433,0.0937389,0.0980296,0.1022,0.105079,0.0955251,0.106578,0.09586
0.103232,0.101125,0.100492,0.0951097,0.0990816,0.0999819,0.104611,0.0958556,0.104178,0.0963334
0.102861,0.0990435,0.101101,0.0932657,0.0978449,0.10002,0.107692,0.0950596,0.108312,0.0948005
0.101427,0.100231,0.102766,0.0942033,0.0991222,0.0983181,0.106887,0.0980243,0.103748,0.0952732
0.101369,0.101081,0.101733,0.0963088,0.101433,0.0967583,0.104611,0.0977428,0.100904,0.098059
0.100918,0.100116,0.101629,0.0954531,0.0994045,0.0986384,0.105657,0.0983242,0.103698,0.0961618
0.101517,0.0998493,0.103846,0.0977828,0.101035,0.0963677,0.105295,0.0988119,0.0990494,0.0964445
0.101324,0.0993234,0.10456,0.0975024,0.100698,0.0961183,0.106142,0.0985166,0.0997133,0.0961015
0.101448,0.100592,0.102627,0.0962185,0.101113,0.0967258,0.105011,0.0977326,0.100713,0.097818
0.101748,0.100703,0.102644,0.0984115,0.103777,0.0938228,0.101995,0.0980618,0.0977628,0.101075
0.100111,0.101306,0.103215,0.0995869,0.104682,0.0919181,0.103767,0.0991314,0.096373,0.0999089
0.100731,0.100844,0.101563,0.0959171,0.103277,0.0941646,0.102799,0.0988553,0.101009,0.10084
0.101096,0.101872,0.101753,0.0954337,0.10444,0.0936877,0.102442,0.099079,0.0992029,0.100992
0.103385,0.100587,0.0992139,0.0946148,0.102921,0.0957302,0.103823,0.0964601,0.103879,0.0993857
0.101399,0.0996892,0.104072,0.093804,0.100662,0.0956319,0.10776,0.09817,0.103634,0.095178
0.101875,0.0976159,0.105285,0.0980657,0.101225,0.0954398,0.106729,0.0993758,0.0992651,0.0951239
0.10264,0.0995877,0.10437,0.0960944,0.101275,0.0960119,0.106957,0.0975456,0.0998204,0.0956987
0.102847,0.101224,0.101777,0.0938634,0.103142,0.0951646,0.105309,0.0980009,0.100992,0.0976795
0.102806,0.100607,0.100713,0.0929517,0.1008,0.095115,0.10655,0.0963166,0.106596,0.0975452
0.101829,0.100107,0.102003,0.094472,0.10213,0.0949164,0.105824,0.0981452,0.103071,0.0975033
0.10293,0.0989774,0.0999442,0.0950596,0.101644,0.0968014,0.10498,0.0965073,0.105383,0.0977732
0.101159,0.098314,0.103201,0.0965498,0.10075,0.0971058,0.106456,0.0997048,0.101538,0.095221
0.101378,0.0985358,0.10263,0.0956799,0.100203,0.0974141,0.10685,0.0991629,0.103141,0.0950055
0.101174,0.098698,0.102393,0.0966511,0.102962,0.0948125,0.104307,0.100022,0.100858,0.0981225
0.101854,0.100439,0.100668,0.0967215,0.102535,0.0960316,0.102402,0.0983395,0.101478,0.0995304
0.100878,0.100942,0.100823,0.0974884,0.102241,0.0967873,0.102186,0.0985206,0.0999799,0.100154
0.100527,0.100718,0.100131,0.0951091,0.100847,0.0979367,0.104511,0.0970571,0.104338,0.0988253
0.100463,0.0986291,0.0980682,0.0944794,0.100991,0.0984648,0.105775,0.09549,0.108308,0.099331
0.100315,0.0980906,0.0974637,0.0980805,0.0997621,0.101069,0.102603,0.0972345,0.105795,0.0995862
0.0995293,0.0973172,0.0976548,0.0968522,0.0990651,0.101899,0.102796,0.098003,0.107336,0.0995484
0.100244,0.101528,0.101679,0.0937669,0.098715,0.0979769,0.106301,0.097581,0.10573,0.0964787
0.100796,0.0993505,0.098545,0.0922247,0.0991025,0.0985355,0.107613,0.0949472,0.11091,0.0979757
0.100206,0.100042,0.100207,0.0908657,0.0980477,0.0981688,0.109864,0.0954746,0.111668,0.0954553
0.100169,0.100424,0.103845,0.0906234,0.097576,0.0977948,0.11151,0.0975803,0.108803,0.0916744
0.100637,0.0999292,0.103611,0.0946586,0.0997251,0.097352,0.107822,0.0986503,0.102928,0.0946869
0.101376,0.0988733,0.105232,0.0940942,0.0976059,0.0979269,0.110573,0.0974248,0.105266,0.0916268
0.101686,0.0985855,0.104402,0.0980554,0.0995743,0.0971554,0.106011,0.0979707,0.100929,0.095631
0.100624,0.0997709,0.102958,0.0947546,0.0980719,0.0991481,0.107215,0.0983796,0.104836,0.0942428
0.101209,0.1008,0.101547,0.0951284,0.0980632,0.0996964,0.105601,0.0976042,0.104371,0.0959793
0.102497,0.10044,0.102223,0.0956294,0.0981066,0.0990154,0.106469,0.0966906,0.103365,0.0955638
0.101126,0.099351,0.0994894,0.0966236,0.0985339,0.0998664,0.103986,0.0976659,0.104896,0.0984618
0.102276,0.100663,0.100381,0.0988553,0.100377,0.0971246,0.100561,0.0977777,0.100891,0.101093
0.102607,0.100355,0.101012,0.0993913,0.100849,0.0959862,0.101369,0.0985518,0.0993979,0.10048
0.103067,0.0996535,0.101338,0.100112,0.100791,0.0959357,0.10231,0.098881,0.0984229,0.099489
0.101111,0.0995103,0.100916,0.099142,0.101029,0.0973535,0.103008,0.098938,0.099679,0.0993127
0.101765,0.0996705,0.102595,0.099112,0.103371,0.0937709,0.101632,0.100196,0.0973607,0.100528
0.103201,0.0989366,0.101616,0.0991711,0.102809,0.095029,0.102035,0.0993106,0.0980273,0.0998646
0.104465,0.102212,0.0994913,0.0984504,0.0982558,0.100505,0.10128,0.0954439,0.100168,0.0997287
0.103005,0.0991066,0.10043,0.100757,0.102174,0.0979465,0.103619,0.0957075,0.0976851,0.0995695
0.101964,0.101467,0.101457,0.0977063,0.101918,0.0969785,0.102875,0.09811,0.0986458,0.0988789
0.102197,0.101642,0.102935,0.0978988,0.101642,0.0960131,0.104987,0.0976305,0.0977494,0.097305
0.103113,0.100593,0.101217,0.0987811,0.0991079,0.100043,0.103253,0.0969174,0.100289,0.0966871
0.104337,0.100211,0.101707,0.0984024,0.0973905,0.102085,0.101929,0.0962362,0.101075,0.0966273
0.103355,0.0976831,0.102188,0.100373,0.0985898,0.101426,0.100752,0.0980586,0.0994425,0.0981314
0.105989,0.0998682,0.102413,0.0977902,0.0939344,0.10424,0.101589,0.0962375,0.101092,0.0968476
0.105126,0.102132,0.101576,0.0971476,0.0945948,0.103251,0.101189,0.096584,0.101746,0.0966528
0.102975,0.0992153,0.10014,0.101018,0.0957969,0.102861,0.101907,0.0996325,0.099888,0.0965679
0.10469,0.098791,0.100458,0.103291,0.097712,0.0992995,0.103468,0.0991052,0.0975364,0.0956491
0.103158,0.0974328,0.101797,0.101933,0.100777,0.0969583,0.104519,0.100713,0.0966004,0.0961113
0.101297,0.0970877,0.10266,0.0994739,0.102189,0.0958,0.103533,0.101237,0.0984952,0.0982279
0.100409,0.0965429,0.100615,0.103127,0.0944335,0.103208,0.105149,0.104116,0.098542,0.0938582
0.102496,0.0961294,0.102122,0.098618,0.0988717,0.098742,0.104758,0.101923,0.100682,0.0956574
0.100993,0.0963275,0.105001,0.0938251,0.0994072,0.0968627,0.111031,0.100544,0.104171,0.091837
0.0994814,0.0997138,0.106415,0.0913658,0.0981975,0.095176,0.113571,0.0972156,0.106734,0.0921292
0.099788,0.100149,0.106101,0.0913828,0.0977306,0.0952214,0.113387,0.0960544,0.107692,0.0924931
0.0995435,0.0993457,0.106839,0.0906849,0.0978417,0.0953545,0.114542,0.0962854,0.108169,0.0913942
0.101086,0.0992155,0.103961,0.0916104,0.098231,0.0960402,0.112566,0.0925692,0.110566,0.0941548
0.104518,0.0975518,0.100556,0.0935906,0.100535,0.0955837,0.109229,0.0871353,0.11232,0.0989806
0.103267,0.100035,0.10075,0.0935234,0.101963,0.0951774,0.105811,0.0857141,0.11287,0.100888
0.10221,0.100194,0.101303,0.0942865,0.101034,0.0967539,0.105016,0.0894229,0.109864,0.0999158
0.103957,0.106355,0.103459,0.089294,0.0971071,0.0987687,0.102843,0.0909615,0.10813,0.0991242
0.10405,0.108289,0.101625,0.0881962,0.0949901,0.100608,0.103061,0.0913851,0.110395,0.0974009
0.103171,0.110052,0.103922,0.0868843,0.0972229,0.10029,0.0992973,0.095666,0.105299,0.0981948
0.103387,0.109682,0.103193,0.0875373,0.0968934,0.101264,0.0993779,0.0967431,0.104446,0.0974765
0.103419,0.107612,0.102943,0.0894535,0.0959077,0.102159,0.0997482,0.0971253,0.104634,0.0969988
0.102448,0.113492,0.104362,0.0834076,0.0972913,0.100717,0.0983937,0.0985184,0.103623,0.0977466
0.102376,0.112675,0.104226,0.0842643,0.0955318,0.102409,0.0983175,0.0979212,0.105466,0.0968129
0.101278,0.11324,0.104351,0.0841684,0.0951481,0.103357,0.098774,0.100654,0.103893,0.0951372
0.104421,0.108652,0.102975,0.0906268,0.0957105,0.102184,0.101891,0.0987207,0.101115,0.0937042
0.103463,0.104948,0.104044,0.0913084,0.0973619,0.102645,0.0993308,0.0978241,0.10197,0.0971046
0.101864,0.100632,0.102041,0.0981768,0.101458,0.0972146,0.10029,0.0978834,0.0993929,0.101046
0.101829,0.100218,0.102126,0.0987743,0.103686,0.0952865,0.101243,0.0982803,0.0980838,0.100473
0.101929,0.0990132,0.0989318,0.0986602,0.106154,0.0960742,0.101429,0.0976083,0.0989079,0.101293
0.104321,0.0970608,0.0971525,0.0972585,0.111237,0.0939313,0.104686,0.0978085,0.0964377,0.100106
0.103367,0.100045,0.0972383,0.0963729,0.107907,0.0947757,0.102308,0.0977138,0.0986399,0.101632
0.103381,0.0976003,0.0972473,0.0972651,0.107473,0.0959689,0.101596,0.09633,0.100894,0.102245
0.101884,0.0983735,0.0993255,0.0989001,0.105679,0.0966214,0.102937,0.0991482,0.0974499,0.0996816
0.102178,0.0987982,0.100348,0.0991804,0.101946,0.0983179,0.103052,0.0997548,0.0978894,0.0985354
0.104058,0.0971099,0.0996602,0.0979579,0.100993,0.099209,0.103085,0.0970969,0.101607,0.099223
0.101558,0.0973022,0.100027,0.100288,0.101182,0.0997282,0.104278,0.101254,0.0975481,0.0968338
0.101317,0.0988009,0.100381,0.0996679,0.102735,0.0980734,0.101887,0.0991589,0.098114,0.0998648
0.102348,0.101976,0.0993722,0.0972312,0.100981,0.0978767,0.101872,0.0995957,0.0991311,0.0996167
0.10042,0.100214,0.100072,0.0966522,0.100269,0.0981537,0.103192,0.098491,0.103463,0.0990734
0.099587,0.100827,0.100508,0.0944051,0.0995674,0.0967017,0.106144,0.0979933,0.106847,0.0974198
0.102082,0.0988939,0.100485,0.0961159,0.102737,0.0957804,0.10335,0.0988993,0.102052,0.099605
0.101777,0.10042,0.101772,0.0963028,0.101073,0.0969024,0.103504,0.0987219,0.100642,0.098885
0.102721,0.099573,0.0974075,0.0905482,0.102605,0.0943524,0.108135,0.0931154,0.111374,0.100168
0.104066,0.0990973,0.0977326,0.0908665,0.104825,0.0926591,0.10716,0.0930738,0.109069,0.101451
0.103431,0.101593,0.097949,0.0926768,0.104966,0.0904518,0.103601,0.0941759,0.106073,0.105082
0.104054,0.102282,0.0995033,0.0945645,0.105592,0.0892728,0.101737,0.0947213,0.102424,0.105849
0.10242,0.101007,0.100082,0.0960351,0.104542,0.0920362,0.102459,0.0956312,0.102712,0.103076
0.103059,0.103809,0.0991023,0.0955219,0.105364,0.0924044,0.101193,0.0981317,0.0993094,0.102105
0.102282,0.104661,0.100013,0.0953206,0.106183,0.0913081,0.100553,0.0966983,0.098582,0.104399
0.10184,0.103402,0.101779,0.0957727,0.105874,0.0913085,0.100856,0.0974501,0.0977673,0.10395
0.102466,0.102334,0.103798,0.0963855,0.106032,0.090638,0.103036,0.097454,0.0962185,0.101638
0.101281,0.1019,0.102246,0.0984245,0.105778,0.0914942,0.101091,0.0977506,0.0970401,0.102995
0.102803,0.104792,0.100154,0.094174,0.104719,0.0921802,0.100621,0.0970865,0.0993645,0.104106
0.101762,0.103426,0.100225,0.0944946,0.102016,0.0964602,0.0988521,0.0987274,0.101326,0.102711
0.100759,0.0998434,0.0989248,0.098022,0.100349,0.0993824,0.101306,0.100141,0.101731,0.0995416
0.099543,0.0978271,0.0995929,0.0998777,0.09657,0.101448,0.104074,0.104799,0.100935,0.0953339
0.0992807,0.1031,0.0978807,0.0986142,0.100694,0.099347,0.103824,0.104398,0.0961254,0.096736
0.0998203,0.0983332,0.101528,0.101503,0.0965059,0.100981,0.107124,0.104988,0.095197,0.0940196
0.103296,0.100915,0.0992431,0.0987719,0.102176,0.0972,0.109102,0.103761,0.0917049,0.0938291
0.104478,0.098279,0.0982768,0.0994011,0.10488,0.0962207,0.109844,0.102608,0.0919032,0.094109
0.103367,0.092761,0.0997071,0.102721,0.0994164,0.0997112,0.111151,0.102933,0.0955856,0.0926466
0.102989,0.0947972,0.0987427,0.100326,0.100376,0.100007,0.109021,0.102543,0.0968742,0.094323
0.104399,0.0976229,0.0994985,0.0975871,0.101336,0.0982539,0.107527,0.101249,0.0972298,0.0952976
0.104797,0.100155,0.0997315,0.0967939,0.101777,0.0977266,0.106583,0.0994869,0.0962966,0.0966521
0.104251,0.112884,0.0973297,0.0908511,0.0996704,0.098289,0.102877,0.0979312,0.0983999,0.0975168
0.103635,0.110354,0.100927,0.0897443,0.0987844,0.100244,0.0999838,0.0972958,0.100935,0.0980961
0.10464,0.106161,0.0976017,0.094457,0.103962,0.0960728,0.101446,0.0973271,0.0983579,0.0999747
0.104175,0.102218,0.102487,0.0970141,0.0987822,0.098769,0.102674,0.094829,0.101153,0.0978974
0.102508,0.0997832,0.103986,0.0972091,0.099346,0.0972742,0.105875,0.0971652,0.101258,0.0955949
0.103306,0.100856,0.102411,0.0967417,0.0976117,0.099011,0.105097,0.0950936,0.103645,0.0962262
0.107199,0.104009,0.099663,0.0953273,0.0982576,0.0991368,0.104046,0.0937861,0.101089,0.0974862
0.106146,0.102018,0.100311,0.0979442,0.100467,0.0970388,0.102611,0.0948199,0.100129,0.0985152
0.102975,0.102606,0.101461,0.0978152,0.0998372,0.0979398,0.105845,0.100079,0.0944891,0.0969524
0.101475,0.100555,0.100098,0.0996307,0.101371,0.0981569,0.101467,0.0995113,0.0984146,0.0993206
0.101706,0.0948077,0.101039,0.100741,0.100238,0.0993115,0.104136,0.101898,0.099617,0.0965062
0.101059,0.0953102,0.101067,0.102444,0.0999445,0.0995377,0.104851,0.102003,0.0977195,0.0960631
0.101154,0.0967976,0.10028,0.102097,0.0995623,0.100501,0.103306,0.100643,0.0983018,0.0973576
0.100952,0.0974575,0.101882,0.102227,0.0995112,0.0985912,0.103698,0.102036,0.0970697,0.0965758
0.10288,0.0966853,0.0998427,0.104279,0.0975583,0.102787,0.103862,0.100168,0.0970186,0.0949196
0.104935,0.0984221,0.0999295,0.103203,0.0971531,0.101379,0.104337,0.0996856,0.0983253,0.0926304
0.103352,0.101567,0.100099,0.10079,0.0967196,0.10111,0.102007,0.100337,0.0997835,0.0942345
0.103369,0.101305,0.0991968,0.100988,0.0939865,0.10492,0.100967,0.100682,0.101644,0.0929427
0.100185,0.100956,0.101069,0.0975931,0.0966903,0.103278,0.0982221,0.101195,0.102307,0.0985058
0.0999265,0.101733,0.10077,0.0981705,0.0979903,0.100477,0.09895,0.100682,0.102045,0.0992561
0.100285,0.101447,0.103148,0.0977276,0.104561,0.0927003,0.102967,0.0992574,0.0972909,0.100616
0.100738,0.101269,0.102505,0.0976946,0.10089,0.0965634,0.103743,0.0988043,0.100131,0.0976612
0.10233,0.0997864,0.101464,0.0977823,0.0972788,0.10318,0.0996035,0.0992382,0.10095,0.0983872
0.101106,0.101002,0.102164,0.0956209,0.0985734,0.101588,0.100054,0.0988148,0.102432,0.0986449
0.100175,0.101839,0.100317,0.0958351,0.105367,0.0969415,0.0994505,0.0999455,0.0985472,0.101583
0.10223,0.102201,0.100699,0.0941591,0.103638,0.0959145,0.10292,0.0987899,0.100571,0.0988773
0.102383,0.0992488,0.098132,0.0974291,0.106915,0.0957172,0.10243,0.0985438,0.0986646,0.100537
0.103531,0.104631,0.0948311,0.093888,0.110247,0.0927,0.102991,0.100318,0.0969204,0.0999425
0.100751,0.100175,0.0970177,0.0981445,0.104915,0.09769,0.103132,0.101836,0.0980721,0.0982675
0.100872,0.1003,0.0978138,0.0975479,0.101556,0.0987328,0.105153,0.103517,0.0983519,0.0961556
0.100787,0.10524,0.0991374,0.0958219,0.0998557,0.100042,0.1064,0.104705,0.0932483,0.0947623
0.100192,0.105134,0.0973669,0.0961891,0.100614,0.0993009,0.107766,0.1066,0.0929063,0.0939313
0.102396,0.105654,0.0939849,0.0926559,0.106505,0.0950122,0.102169,0.101402,0.100385,0.0998374
0.101186,0.113603,0.0947296,0.0883531,0.105124,0.0958307,0.0999046,0.100288,0.0982917,0.102688
0.100319,0.107828,0.0959736,0.0943786,0.101033,0.0990595,0.10045,0.101603,0.0989734,0.100383
0.102031,0.0971881,0.0987158,0.100066,0.09636,0.101023,0.10546,0.102117,0.101628,0.0954121
0.101703,0.100604,0.0978511,0.0961024,0.099381,0.100534,0.10238,0.101252,0.101809,0.0983833
0.102147,0.102822,0.0993341,0.0981653,0.0973964,0.101342,0.102413,0.10012,0.0991142,0.0971461
0.103021,0.108408,0.0974121,0.0922499,0.103844,0.0946165,0.100651,0.0980874,0.0992848,0.102425
0.104293,0.105989,0.0981797,0.0939424,0.104213,0.0942201,0.103913,0.0996835,0.096037,0.0995287
0.103641,0.1051,0.0999893,0.0953518,0.0992198,0.0977081,0.103863,0.100349,0.0966798,0.0980989
0.105165,0.102146,0.100523,0.0981079,0.0986976,0.0982531,0.10377,0.0999341,0.0973141,0.0960889
0.105883,0.104303,0.100482,0.0948114,0.101858,0.0950493,0.103586,0.0982524,0.0971958,0.0985799
0.103764,0.101651,0.101074,0.0968393,0.10016,0.0973107,0.102013,0.0990658,0.0989426,0.09918
0.102559,0.106313,0.101898,0.0935837,0.0942723,0.102184,0.103449,0.100831,0.0981628,0.0967471
0.10096,0.113177,0.103201,0.0868193,0.0871908,0.110081,0.100026,0.103742,0.105259,0.0895438
0.100306,0.112937,0.104,0.0852046,0.0879495,0.110146,0.0983626,0.103435,0.106197,0.0914626
0.0988381,0.105155,0.103712,0.0905233,0.0918372,0.10785,0.0973886,0.103125,0.104592,0.0969797
0.101996,0.099797,0.100865,0.0958107,0.0924085,0.107767,0.098674,0.101205,0.103844,0.0976331
0.101682,0.100853,0.101589,0.0935018,0.0922749,0.107969,0.0967235,0.101386,0.105795,0.0982248
0.100457,0.0996734,0.100374,0.0951868,0.0932234,0.108049,0.0968085,0.102409,0.105324,0.0984941
0.0993517,0.0997747,0.100246,0.0965528,0.0949245,0.106045,0.0981414,0.101949,0.104696,0.0983205
0.101354,0.0996983,0.0988257,0.0975924,0.0923035,0.108011,0.0989406,0.101809,0.103942,0.0975249
0.101926,0.0991895,0.0979664,0.0997636,0.0920562,0.108019,0.100468,0.102031,0.102735,0.0958463
0.0997518,0.097295,0.0986342,0.0983357,0.0949496,0.106495,0.100725,0.101389,0.105962,0.0964633
0.100719,0.0938297,0.097312,0.0990679,0.0953264,0.106351,0.103402,0.102212,0.106304,0.0954768
0.099341,0.093198,0.0986624,0.0982756,0.0955409,0.105345,0.103983,0.104163,0.106924,0.0945673
0.101208,0.0950843,0.0998477,0.0981313,0.0981073,0.101102,0.105191,0.0998468,0.10546,0.0960221
0.0983114,0.0956639,0.0996224,0.100658,0.0966329,0.102176,0.101399,0.104796,0.103889,0.0968509
0.0979858,0.0968275,0.100036,0.100144,0.0933101,0.1072,0.101189,0.105867,0.102527,0.0949135
0.0996084,0.095067,0.0995291,0.10262,0.0922378,0.106979,0.104625,0.105561,0.10082,0.0929533
0.100886,0.0930453,0.0995257,0.102543,0.0902378,0.107737,0.107799,0.105832,0.101122,0.091273
0.102042,0.0929915,0.0982656,0.0999091,0.0955456,0.105927,0.104141,0.101945,0.104216,0.0950167
0.104074,0.092808,0.0980064,0.100452,0.0954688,0.106278,0.104784,0.100206,0.103381,0.0945422
0.104819,0.0936221,0.0984288,0.102353,0.0927481,0.108559,0.10559,0.101026,0.100803,0.0920505
0.103985,0.094869,0.0984904,0.102063,0.0931115,0.107427,0.105374,0.10112,0.100656,0.092904
0.10619,0.0962904,0.0980951,0.104023,0.0900676,0.109658,0.105094,0.100557,0.0989797,0.0910459
0.105977,0.0962143,0.0996114,0.105042,0.0916729,0.10744,0.105263,0.101281,0.0973509,0.0901484
0.104475,0.0986033,0.0999686,0.100425,0.0931299,0.10677,0.101821,0.100376,0.100558,0.0938751
0.102752,0.0989264,0.103306,0.096078,0.0982666,0.102334,0.100308,0.0986929,0.101618,0.097717
0.103706,0.0992406,0.10502,0.0966753,0.0970571,0.102847,0.0997629,0.0960051,0.102298,0.0973895
0.102971,0.0993842,0.10362,0.0974666,0.0978044,0.101975,0.0996181,0.0967794,0.101382,0.0989991
0.104029,0.100489,0.10367,0.0965903,0.0963508,0.102916,0.100168,0.0972662,0.100983,0.0975386
0.102123,0.101997,0.103383,0.0942196,0.0970953,0.10313,0.100034,0.100687,0.100938,0.0963933
0.0991381,0.11532,0.105883,0.0813359,0.0952437,0.102403,0.0961983,0.102488,0.105136,0.0968539
0.0983415,0.118169,0.10666,0.0786297,0.0981723,0.0994552,0.0969711,0.102479,0.102369,0.0987534
0.0992653,0.120463,0.104073,0.0781612,0.0984868,0.0994637,0.0972379,0.101829,0.102802,0.0982172
0.0997291,0.123777,0.103748,0.0768367,0.0968477,0.100193,0.0975558,0.101234,0.103896,0.0961822
0.100442,0.123483,0.100842,0.0767531,0.0987135,0.098593,0.0967162,0.100602,0.103576,0.10028
0.0983132,0.125937,0.09901,0.075724,0.102058,0.095357,0.0971232,0.101125,0.100296,0.105057
0.103584,0.127022,0.0925496,0.0766675,0.107754,0.0899282,0.0976077,0.0968006,0.100669,0.107417
0.102489,0.122324,0.0933756,0.0804689,0.105123,0.0934489,0.0997542,0.0989182,0.0992604,0.104838
0.104776,0.122551,0.0935784,0.0772376,0.108494,0.0909703,0.0972177,0.0960348,0.101864,0.107276
0.103103,0.120216,0.0933168,0.0804813,0.108492,0.0919735,0.0978025,0.097828,0.100696,0.106091
0.105699,0.105547,0.0924154,0.0878983,0.10344,0.0967798,0.103126,0.0985947,0.106092,0.100407
0.107591,0.0990057,0.0940164,0.0911782,0.100167,0.0983928,0.104415,0.0965467,0.108401,0.100285
0.103868,0.098951,0.0949689,0.0928933,0.0962776,0.100346,0.105507,0.0962677,0.112067,0.0988532
0.103001,0.0993984,0.0939206,0.0917306,0.095476,0.101117,0.105106,0.0963786,0.115403,0.0984683
0.10178,0.0966283,0.0961223,0.0971895,0.094067,0.102481,0.103552,0.101319,0.11018,0.0966797
0.101382,0.0953142,0.098454,0.0979959,0.0937965,0.103147,0.105452,0.101605,0.10796,0.0948931
0.0995071,0.0945576,0.0972871,0.0955015,0.0943862,0.103371,0.107132,0.100942,0.112753,0.094562
0.10217,0.0986373,0.0955649,0.0950744,0.098296,0.100205,0.102806,0.0965359,0.110243,0.100469
0.100178,0.0953152,0.0981205,0.096857,0.0950984,0.103371,0.106446,0.0998172,0.108653,0.0961444
0.101381,0.0958075,0.0983454,0.0973939,0.0950666,0.103772,0.10524,0.0992211,0.107794,0.0959777
0.0998175,0.0987615,0.0972868,0.0977585,0.0976684,0.101707,0.102871,0.0984658,0.10754,0.0981236
0.100471,0.102459,0.097864,0.0981557,0.0969682,0.101874,0.100783,0.0994874,0.105092,0.0968454
0.105247,0.0995356,0.0995593,0.0999887,0.0980346,0.10177,0.102894,0.0955839,0.0992139,0.0981739
0.105646,0.100653,0.100125,0.100488,0.0988083,0.1002,0.103174,0.0945085,0.0990498,0.0973467
0.104001,0.0987086,0.100525,0.102003,0.100847,0.0983777,0.101911,0.0951026,0.0985927,0.0999318
0.10212,0.0980508,0.100195,0.102014,0.10088,0.0989451,0.101602,0.0966,0.0992801,0.100312
0.102855,0.0994665,0.0994085,0.100471,0.0998974,0.100166,0.102375,0.0968115,0.0990307,0.0995181
0.10293,0.0982895,0.0990923,0.0987783,0.100367,0.09991,0.103281,0.0968009,0.100473,0.100079
0.101833,0.0999954,0.100054,0.0996693,0.100255,0.0987727,0.101479,0.0982135,0.099613,0.100116
0.101232,0.0997272,0.100017,0.0987123,0.101216,0.0984428,0.101665,0.0980581,0.100434,0.100495
0.101545,0.100367,0.101406,0.0982624,0.100229,0.0978221,0.102349,0.0982508,0.10046,0.099308
0.100642,0.0993435,0.102819,0.0955516,0.0998326,0.0976592,0.105952,0.0993619,0.102773,0.0960638
0.101408,0.098817,0.101286,0.0997204,0.101368,0.0972699,0.101827,0.100271,0.0989024,0.0991299
0.10444,0.100296,0.100641,0.0975234,0.098464,0.0985474,0.104302,0.0977858,0.101281,0.0967192
0.104854,0.103645,0.0992952,0.0988882,0.0957196,0.101271,0.103373,0.0995209,0.100618,0.0928149
0.10165,0.0982428,0.0986765,0.0997984,0.0990079,0.101807,0.102564,0.0990752,0.102218,0.0969599
0.10344,0.10242,0.0991375,0.0997704,0.096173,0.101913,0.102195,0.0997494,0.100938,0.0942633
0.102408,0.102507,0.0989902,0.0991539,0.0966397,0.102425,0.10178,0.0990128,0.101607,0.0954766
0.104365,0.107351,0.0987654,0.0950659,0.0946095,0.102871,0.102746,0.0966624,0.103931,0.0936312
0.10447,0.105643,0.0990743,0.0972908,0.0942697,0.102821,0.10286,0.0988703,0.101527,0.0931741
0.106087,0.108616,0.0991599,0.0977334,0.0919522,0.101979,0.105724,0.100332,0.100332,0.0880832
0.106435,0.107498,0.0991083,0.0977252,0.0917616,0.102814,0.104605,0.0990429,0.10176,0.0892508
0.107368,0.110376,0.0990581,0.096105,0.0920087,0.101365,0.104378,0.0968274,0.102796,0.0897179
0.105658,0.109237,0.0990746,0.0958295,0.0941626,0.100627,0.104107,0.0982773,0.101213,0.0918144
0.10281,0.101,0.0988552,0.0947168,0.102262,0.0976357,0.104949,0.0937529,0.103408,0.10061
0.102969,0.102636,0.100977,0.0960346,0.102323,0.0959014,0.104415,0.0954736,0.0994944,0.0997766
0.100927,0.101161,0.101465,0.0936823,0.10142,0.0969211,0.106428,0.0964277,0.103787,0.0977809
0.100365,0.101973,0.102626,0.0945882,0.10248,0.0947756,0.105955,0.0975579,0.10151,0.0981686
0.100544,0.100478,0.103346,0.0961325,0.101,0.0961266,0.106879,0.0984079,0.100964,0.0961227
0.0996057,0.0996998,0.102618,0.0963108,0.101279,0.0965481,0.105262,0.0996614,0.101647,0.0973679
0.0998203,0.0989226,0.102229,0.0967899,0.101697,0.0968114,0.104022,0.100251,0.101258,0.0981985
0.101288,0.0970932,0.101426,0.0978095,0.0994027,0.0998441,0.104078,0.100189,0.102055,0.0968131
0.100947,0.0962407,0.0988267,0.0968883,0.0982267,0.102921,0.104105,0.0993237,0.105957,0.096564
0.101648,0.0952137,0.0988341,0.0948042,0.0972298,0.103231,0.10706,0.098199,0.109886,0.0938943
0.101038,0.0962316,0.10045,0.0955792,0.0989265,0.100382,0.105872,0.0994225,0.106599,0.0954998
0.100305,0.0984623,0.100012,0.0948608,0.097147,0.100743,0.106661,0.0995252,0.106323,0.0959602
0.100825,0.0976311,0.102077,0.0961467,0.0980179,0.099091,0.106443,0.101575,0.103352,0.094841
0.0990621,0.0976648,0.0994825,0.0968533,0.0970594,0.101074,0.10561,0.101423,0.104151,0.0976191
0.0997694,0.0979991,0.100515,0.0985412,0.0953506,0.101775,0.104812,0.103228,0.101382,0.0966292
0.101312,0.0975012,0.100597,0.0984116,0.0974978,0.10102,0.104501,0.100998,0.102299,0.095863
0.102454,0.09887,0.0985877,0.0996998,0.0989106,0.100893,0.101671,0.0974685,0.102612,0.0988342
0.102282,0.0977725,0.100371,0.101979,0.0999026,0.0998841,0.102494,0.0995674,0.0984284,0.0973201
0.102856,0.0975392,0.100817,0.0992749,0.0991615,0.0994681,0.103163,0.10025,0.100259,0.0972113
0.101503,0.095046,0.100838,0.100784,0.0990215,0.100686,0.105462,0.101919,0.0987698,0.0959696
0.103333,0.0948335,0.100478,0.101782,0.102259,0.0982914,0.107851,0.101128,0.0949264,0.0951179
0.10189,0.0962134,0.0997322,0.103312,0.0994453,0.101357,0.103268,0.100081,0.0979727,0.0967276
0.104561,0.0976153,0.0997127,0.103105,0.0975856,0.101741,0.103698,0.0990767,0.0982755,0.0946299
0.101542,0.0970051,0.100325,0.101144,0.0999681,0.100533,0.103151,0.100588,0.0985242,0.0972195
0.103152,0.103022,0.100544,0.0972866,0.100976,0.0973068,0.104277,0.0994685,0.0957728,0.0981941
0.101974,0.104822,0.0998336,0.0958291,0.103151,0.0944837,0.103011,0.0999339,0.0962109,0.100751
0.10075,0.108701,0.0973649,0.0933939,0.107482,0.0909767,0.100382,0.0988785,0.0972937,0.104777
0.102624,0.102248,0.0982452,0.0957121,0.107553,0.0922836,0.099966,0.095585,0.100022,0.105761
0.101205,0.101757,0.100803,0.0972502,0.105126,0.0939664,0.100747,0.0985957,0.0980569,0.102493
0.0999223,0.0998181,0.103068,0.0982895,0.103909,0.0938765,0.103526,0.100144,0.0980686,0.0993778
0.0996235,0.100256,0.102434,0.098097,0.104301,0.0937186,0.102979,0.0999438,0.0984641,0.100183
0.100474,0.100551,0.102185,0.0962163,0.103656,0.0942675,0.103439,0.0992564,0.100491,0.0994646
0.0997408,0.0992718,0.103311,0.0959807,0.101863,0.0950774,0.106217,0.099964,0.102012,0.0965614
0.101221,0.101459,0.101925,0.099649,0.102575,0.094367,0.102855,0.0986197,0.0973086,0.10002
0.101099,0.101307,0.102213,0.0999264,0.102632,0.0940693,0.103182,0.0987289,0.0971385,0.099704
0.102285,0.101838,0.101595,0.100159,0.101362,0.0944004,0.103201,0.0978601,0.0977836,0.0995163
0.102125,0.10106,0.10079,0.0996141,0.100761,0.0962268,0.102313,0.0980663,0.0989635,0.10008
0.1023,0.100555,0.10112,0.0994162,0.101599,0.0959275,0.101932,0.0987577,0.0984513,0.0999414
0.102289,0.0995654,0.101221,0.100757,0.0998484,0.0982908,0.102086,0.0990719,0.0983792,0.0984912
0.102336,0.0989546,0.0999778,0.101064,0.0996261,0.100418,0.101844,0.0995286,0.0989362,0.0973153
0.100337,0.100051,0.100485,0.100568,0.10047,0.0982748,0.100574,0.0998926,0.0993302,0.100018
0.0998291,0.0983948,0.0988911,0.0988064,0.10128,0.0986867,0.102056,0.0982831,0.103403,0.10037
0.100651,0.100563,0.0989585,0.0983,0.0978503,0.102367,0.0993455,0.098702,0.103709,0.0995538
0.100188,0.097142,0.0978198,0.098547,0.101098,0.100576,0.101154,0.0978989,0.104415,0.101161
0.0998277,0.0975929,0.0988017,0.0976529,0.100741,0.099844,0.102,0.0983339,0.104843,0.100363
0.0995336,0.103683,0.100496,0.0944613,0.0966364,0.102742,0.100567,0.0986322,0.105179,0.0980702
0.100495,0.101364,0.102356,0.0961373,0.100777,0.0962832,0.103527,0.0979751,0.102541,0.098546
0.100402,0.100166,0.102092,0.097033,0.100982,0.0972127,0.101825,0.0988027,0.10202,0.0994648
0.0997068,0.0973719,0.103416,0.0981359,0.102399,0.0955409,0.105998,0.101015,0.0996377,0.0967783
0.0998264,0.0974234,0.103293,0.0985416,0.101389,0.0961505,0.106223,0.100731,0.0998755,0.0965459
0.10265,0.0956924,0.100794,0.103406,0.0997506,0.101386,0.100776,0.0975065,0.0998045,0.0982335
0.102167,0.0960327,0.102294,0.0989123,0.102884,0.0963262,0.104271,0.0999356,0.0988196,0.0983572
0.101143,0.0953247,0.101405,0.1009,0.102699,0.0976014,0.103998,0.101284,0.0981827,0.097462
0.102108,0.0928724,0.102617,0.0982687,0.100607,0.0979188,0.107297,0.102739,0.0997891,0.095782
0.100712,0.0968646,0.10275,0.0947737,0.100857,0.0966247,0.106692,0.100473,0.104096,0.0961571
0.099294,0.0954257,0.103164,0.0956197,0.098454,0.0972339,0.1075,0.102703,0.106444,0.0941621
0.101025,0.0945804,0.101692,0.099036,0.0972678,0.0996776,0.105243,0.103329,0.103162,0.0949879
0.101356,0.0949893,0.10176,0.0990036,0.0971717,0.0995568,0.10514,0.102844,0.103625,0.0945537
0.103309,0.0958742,0.0991285,0.103414,0.0927061,0.105056,0.10373,0.102313,0.101269,0.0932002
0.107137,0.0974026,0.0987953,0.103394,0.0881891,0.109457,0.103874,0.0999577,0.100521,0.0912727
0.107475,0.100228,0.0992647,0.101471,0.0901682,0.106593,0.102514,0.0989693,0.101939,0.0913783
0.106092,0.101492,0.0986743,0.102552,0.0909745,0.105693,0.102965,0.100653,0.101841,0.089062
0.107681,0.101509,0.0974718,0.105051,0.0882879,0.106925,0.104264,0.101467,0.102321,0.0850223
0.108605,0.102873,0.0995473,0.102715,0.0944125,0.0975987,0.105299,0.0995959,0.10062,0.0887337
0.110522,0.104114,0.100102,0.102663,0.0923662,0.0988381,0.107461,0.0990067,0.100087,0.08484
0.112199,0.104328,0.101411,0.101884,0.0933494,0.0973679,0.10938,0.098451,0.0977254,0.0839048
0.11469,0.102253,0.104151,0.0998825,0.0944496,0.0953865,0.112561,0.0982865,0.0928815,0.085458
0.116323,0.104342,0.103431,0.100451,0.0909643,0.0978575,0.114174,0.098928,0.0930597,0.0804697
0.115403,0.102908,0.104938,0.0994331,0.0939002,0.0962932,0.114362,0.0985977,0.0906416,0.0835231
0.111147,0.0973922,0.103399,0.0986425,0.100425,0.0968614,0.111449,0.0991521,0.0907492,0.0907831
0.112582,0.0953775,0.102968,0.100013,0.103053,0.0963073,0.110645,0.0954203,0.0909666,0.0926672
0.112528,0.0969497,0.10134,0.10237,0.0987244,0.0994279,0.110761,0.0969646,0.0931951,0.0877397
0.109685,0.09586,0.102577,0.100302,0.102905,0.0963535,0.108928,0.0965188,0.0922316,0.0946387
0.108944,0.0965044,0.102248,0.102001,0.0980741,0.0998178,0.110049,0.0990175,0.0917797,0.0915641
0.108442,0.0965358,0.102349,0.102322,0.0971047,0.100375,0.110902,0.100106,0.0911081,0.0907555
0.109561,0.09782,0.103813,0.101085,0.0966863,0.0980788,0.112314,0.1004,0.0898002,0.0904419
0.106325,0.0978152,0.10259,0.102571,0.0974192,0.0998313,0.109675,0.100118,0.091767,0.0918887
0.106593,0.0986472,0.101969,0.100296,0.103097,0.0955622,0.110926,0.100273,0.0893459,0.0932903
0.107979,0.100417,0.103937,0.0996402,0.101408,0.0936378,0.11416,0.101032,0.0865361,0.091253
0.10975,0.102959,0.105071,0.0970921,0.100325,0.09256,0.11601,0.100501,0.0851175,0.0906148
0.108462,0.103158,0.103824,0.0969214,0.102535,0.0915485,0.113496,0.100147,0.0869862,0.0929218
0.109677,0.107172,0.103135,0.0926178,0.10299,0.091037,0.11395,0.0992002,0.0866301,0.0935908
0.111719,0.109948,0.103545,0.0896664,0.102349,0.0903098,0.115583,0.097797,0.0855453,0.0935368
0.111626,0.111365,0.102861,0.0883596,0.104834,0.0883021,0.113685,0.0965102,0.0866156,0.0958408
0.110467,0.11132,0.103299,0.0887597,0.104942,0.0884646,0.111361,0.0949951,0.0886448,0.0977467
0.112313,0.108941,0.101491,0.0884434,0.109881,0.0873062,0.112192,0.0935575,0.0876006,0.0982746
0.112238,0.111711,0.1039,0.0871565,0.103727,0.0887014,0.112832,0.0953333,0.0880062,0.0963949
0.110277,0.113535,0.103469,0.0881647,0.100044,0.0925812,0.10901,0.0948943,0.0931779,0.094847
0.108352,0.116486,0.100828,0.0840833,0.10477,0.0900474,0.105052,0.0935222,0.0947631,0.102097
0.106343,0.112908,0.102471,0.085161,0.101546,0.0965118,0.101097,0.094745,0.09881,0.100406
0.10532,0.108291,0.0986624,0.0910739,0.1049,0.0948912,0.102809,0.0958198,0.0968216,0.101411
0.103832,0.1,0.0977198,0.0964064,0.106662,0.0968436,0.101644,0.0967224,0.0985858,0.101583
0.103559,0.100876,0.0942867,0.09546,0.111278,0.0921694,0.0990785,0.0938116,0.101456,0.108025
0.10312,0.096047,0.0958196,0.0984081,0.109609,0.0951451,0.100175,0.0947882,0.101601,0.105287
0.102973,0.0968792,0.0959069,0.0993848,0.106943,0.0952087,0.0988366,0.0931597,0.103466,0.107242
0.103047,0.100264,0.0965004,0.0979565,0.10345,0.0955622,0.098055,0.0930993,0.104929,0.107137
0.10119,0.0995416,0.0962837,0.0994927,0.10171,0.0981094,0.0997413,0.0952291,0.106538,0.102164
0.103215,0.0994382,0.0973873,0.0962687,0.101301,0.0975187,0.100432,0.0963281,0.104549,0.103562
0.103364,0.100462,0.0994016,0.101335,0.0969814,0.102153,0.102307,0.100358,0.0999061,0.0937322
0.102744,0.100759,0.0999651,0.0993594,0.099119,0.0992043,0.101992,0.0994124,0.0990927,0.0983517
0.104303,0.10042,0.100239,0.103362,0.0949517,0.101823,0.104332,0.100999,0.0975485,0.0920214
0.106702,0.0981763,0.101407,0.101903,0.0974871,0.0998819,0.107047,0.100213,0.0945917,0.0925911
0.108174,0.0960967,0.100455,0.103421,0.0984834,0.100714,0.107526,0.0981894,0.0949816,0.0919586
0.110357,0.0944494,0.101314,0.103247,0.0999233,0.0993062,0.109849,0.097337,0.0925281,0.0916889
0.109569,0.0946116,0.100833,0.104995,0.0982705,0.100037,0.109353,0.0978959,0.0938083,0.0906261
0.109079,0.097097,0.101706,0.105734,0.0960231,0.0988217,0.108592,0.0977678,0.095472,0.0897078
0.10751,0.0942488,0.101734,0.105651,0.100071,0.097581,0.108329,0.0976374,0.0936899,0.0935467
0.105623,0.0971394,0.102111,0.102448,0.101963,0.0958929,0.106478,0.0979354,0.0943668,0.0960426
0.103457,0.100338,0.102453,0.0993046,0.102047,0.0939464,0.10342,0.0977059,0.0976814,0.0996459
0.103915,0.0976412,0.102316,0.0987308,0.101344,0.095634,0.105529,0.0994755,0.0983893,0.0970254
0.104092,0.0989814,0.101181,0.0958622,0.0996559,0.0977985,0.10468,0.0987369,0.10195,0.0970614
0.100981,0.0948015,0.100102,0.098337,0.0983261,0.101466,0.104787,0.102562,0.103285,0.0953525
0.100671,0.0974634,0.100133,0.0935544,0.0972951,0.100189,0.108368,0.0988114,0.109905,0.0936086
0.099505,0.0942101,0.0998183,0.0901268,0.0949038,0.102162,0.113921,0.0969358,0.118093,0.0903246
0.100068,0.0964301,0.0999615,0.0917567,0.0971274,0.0995191,0.110881,0.0973565,0.113702,0.093197
0.0998235,0.0977962,0.101673,0.0933605,0.0986746,0.0980125,0.108801,0.0988941,0.108453,0.0945119
0.102638,0.0980897,0.0976819,0.0949012,0.0990721,0.0989573,0.105693,0.095013,0.109919,0.0980346
0.101344,0.0957714,0.0984565,0.100211,0.0989608,0.100783,0.102794,0.101347,0.103437,0.0968948
0.101733,0.0987833,0.0983123,0.101906,0.0986088,0.098971,0.101201,0.101082,0.102864,0.0965384
0.0998497,0.100912,0.0965355,0.102011,0.0958791,0.102123,0.0993183,0.101853,0.106235,0.0952845
0.100858,0.0983678,0.0981539,0.0998829,0.0987551,0.100313,0.0999605,0.0997635,0.104065,0.0998809
0.101217,0.101758,0.10042,0.0967611,0.0972294,0.102108,0.0990779,0.10148,0.102792,0.0971565
0.101343,0.100466,0.100191,0.0979053,0.0970464,0.102885,0.0991009,0.10077,0.10315,0.0971433
0.100901,0.101596,0.102171,0.0967346,0.09653,0.103005,0.0985837,0.100812,0.102173,0.0974943
0.10268,0.100696,0.101836,0.0982264,0.0979734,0.101321,0.0994374,0.0975262,0.101721,0.0985823
0.102604,0.102583,0.101449,0.0961091,0.0976845,0.102038,0.100192,0.0970262,0.103662,0.0966522
0.10267,0.10488,0.102393,0.0930842,0.0970201,0.101951,0.0992527,0.0960751,0.105659,0.0970157
0.102962,0.105736,0.103049,0.09089,0.0976394,0.101563,0.0994024,0.0954067,0.105806,0.0975461
0.10344,0.102601,0.100984,0.095475,0.099296,0.098879,0.101965,0.0937467,0.103672,0.0999408
0.101812,0.0992161,0.0984371,0.0961943,0.0993936,0.100224,0.103631,0.0945126,0.106837,0.0997415
