AAPL,NVDA,TSLA
0,0,0
0,0,0
0,0,0
0,0,0
0,0,0
0,0,0
0,0,0
0,0,0
0,0,0
0.379344,0.277877,0.342779
0.374817,0.283461,0.341723
0.33606,0.326363,0.337577
0.337442,0.313491,0.349067
0.339847,0.296818,0.363335
0.339829,0.296962,0.36321
0.338562,0.30609,0.355347
0.338631,0.305619,0.355751
0.338537,0.306265,0.355198
0.335749,0.32379,0.34046
0.335342,0.326138,0.33852
0.336374,0.320097,0.343529
0.335988,0.32239,0.341622
0.337027,0.316103,0.34687
0.336337,0.320318,0.343345
0.335588,0.324724,0.339688
0.335952,0.322607,0.341441
0.338527,0.320415,0.341058
0.336183,0.322206,0.341611
0.33902,0.319058,0.341922
0.345111,0.308305,0.346584
0.341597,0.311857,0.346546
0.337373,0.313934,0.348694
0.338203,0.308524,0.353273
0.357306,0.292655,0.350039
0.337806,0.311143,0.35105
0.34665,0.30112,0.35223
0.337098,0.315661,0.34724
0.349107,0.311399,0.339494
0.355591,0.299252,0.345157
0.339166,0.301853,0.358981
0.339405,0.300123,0.360472
0.33769,0.311897,0.350413
0.336657,0.318384,0.344959
0.340537,0.323418,0.336045
0.336227,0.320979,0.342794
0.335732,0.323892,0.340376
0.335388,0.325877,0.338735
0.334566,0.330498,0.334936
0.33554,0.325944,0.338517
0.336887,0.327571,0.335542
0.341531,0.325021,0.333447
0.341289,0.324049,0.334661
0.376128,0.303812,0.32006
0.354542,0.30873,0.336728
0.412755,0.28529,0.301955
0.398314,0.296395,0.305291
0.374572,0.308072,0.317356
0.42162,0.281595,0.296785
0.400162,0.294684,0.305155
0.442069,0.255467,0.302464
0.481351,0.246882,0.271768
0.419818,0.283419,0.296763
0.41139,0.285857,0.302753
0.406223,0.289935,0.303842
0.392875,0.296687,0.310437
0.354342,0.318899,0.326758
0.337515,0.32537,0.337115
0.334374,0.331554,0.334072
0.334675,0.329895,0.33543
0.33488,0.328753,0.336368
0.335695,0.324105,0.3402
0.335825,0.323352,0.340824
0.336202,0.321125,0.342673
0.337631,0.322233,0.340136
0.335481,0.325344,0.339175
0.343802,0.319684,0.336515
0.35099,0.313261,0.335749
0.343896,0.320587,0.335517
0.341305,0.32646,0.332234
0.340909,0.32682,0.332272
0.372374,0.308886,0.318739
0.372466,0.306982,0.320552
0.335405,0.325781,0.338814
0.338954,0.327534,0.333512
0.342155,0.322412,0.335433
0.338918,0.311152,0.34993
0.339641,0.311906,0.348453
0.336717,0.318017,0.345266
0.336456,0.319605,0.343939
0.339328,0.300682,0.35999
0.338034,0.309647,0.352319
0.33837,0.307401,0.354229
0.337537,0.312887,0.349576
0.34158,0.282333,0.376088
0.340251,0.293688,0.366061
0.341759,0.280639,0.377601
0.342688,0.270983,0.386329
0.342281,0.275423,0.382296
0.342174,0.276531,0.381294
0.340042,0.295321,0.364637
0.341403,0.283957,0.37464
0.341936,0.278928,0.379136
0.342655,0.271361,0.385984
0.339715,0.297823,0.362462
0.340465,0.291971,0.367564
0.337026,0.316109,0.346864
0.337421,0.313627,0.348953
0.33795,0.310199,0.35185
0.336233,0.320939,0.342828
0.348266,0.315287,0.336447
0.352154,0.322586,0.325261
0.38432,0.28925,0.32643
0.410207,0.270885,0.318908
0.393771,0.279984,0.326245
0.412698,0.260535,0.326766
0.374921,0.294053,0.331025
0.400387,0.26702,0.332593
0.350418,0.309304,0.340279
0.337355,0.327197,0.335447
0.334651,0.330026,0.335323
0.334555,0.330558,0.334887
0.334454,0.331112,0.334434
0.334277,0.332085,0.333639
0.339383,0.325258,0.335359
0.354024,0.29812,0.347856
0.347173,0.307323,0.345504
0.336206,0.331648,0.332146
0.364842,0.301101,0.334057
0.398881,0.270842,0.330277
0.423941,0.258934,0.317126
0.425707,0.257187,0.317106
0.471129,0.211538,0.317334
0.530283,0.18101,0.288707
0.559638,0.187913,0.252449
0.501782,0.213611,0.284607
0.555623,0.191688,0.252689
0.708543,0.111905,0.179552
0.703263,0.114832,0.181905
0.69709,0.120304,0.182606
0.641663,0.1444,0.213937
0.618873,0.147581,0.233546
0.544896,0.175072,0.280032
0.451699,0.212017,0.336285
0.492511,0.204701,0.302787
0.44716,0.226476,0.326364
0.462945,0.235542,0.301513
0.35966,0.306238,0.334102
0.336997,0.31629,0.346713
0.336197,0.321158,0.342645
0.371688,0.302025,0.326288
0.404193,0.284614,0.311193
0.362035,0.308309,0.329656
0.419575,0.280476,0.29995
0.341087,0.323786,0.335127
0.334775,0.329338,0.335887
0.335847,0.323218,0.340934
0.336025,0.322175,0.3418
0.34066,0.323291,0.336049
0.338505,0.322609,0.338886
0.336127,0.321572,0.342302
0.335791,0.323549,0.34066
0.337396,0.329874,0.33273
0.334301,0.331951,0.333747
0.338026,0.32474,0.337234
0.341647,0.316043,0.34231
0.339316,0.324249,0.336436
0.335841,0.328631,0.335528
0.334376,0.331545,0.33408
0.335451,0.328983,0.335566
0.334791,0.32925,0.335959
0.335665,0.324279,0.340056
0.336437,0.31972,0.343843
0.33657,0.318911,0.344518
0.336258,0.320789,0.342952
0.33602,0.322202,0.341778
0.336683,0.318227,0.34509
0.337162,0.31526,0.347577
0.337062,0.315889,0.34705
0.336912,0.316821,0.346267
0.340272,0.319531,0.340197
0.341119,0.318252,0.340629
0.342104,0.31557,0.342327
0.34243,0.315389,0.342181
0.342365,0.314977,0.342658
0.341384,0.316524,0.342092
0.374024,0.292172,0.333804
0.339467,0.324435,0.336098
0.339736,0.324162,0.336102
0.336235,0.324037,0.339728
0.340384,0.326569,0.333046
0.338054,0.309514,0.352431
0.336951,0.316577,0.346472
0.336376,0.320086,0.343538
0.338534,0.306283,0.355183
0.337851,0.31085,0.351299
0.338204,0.30852,0.353277
0.337778,0.31133,0.350892
0.339264,0.32125,0.339486
0.341608,0.32355,0.334843
0.336978,0.325418,0.337604
0.337697,0.311855,0.350448
0.337575,0.31264,0.349785
0.336014,0.322241,0.341745
0.336745,0.32571,0.337546
0.359037,0.316611,0.324352
0.338215,0.32914,0.332644
0.37173,0.311467,0.316803
0.355293,0.312703,0.332003
0.336608,0.318685,0.344707
0.337037,0.316044,0.346919
0.336078,0.321863,0.342059
0.335333,0.326191,0.338476
0.335238,0.326732,0.33803
0.335051,0.327791,0.337158
0.334333,0.331779,0.333889
0.335235,0.32675,0.338015
0.336415,0.319848,0.343737
0.335399,0.325816,0.338786
0.334823,0.331519,0.333657
0.334687,0.330176,0.335137
0.334985,0.328163,0.336852
0.337157,0.324681,0.338163
0.337209,0.327059,0.335732
0.33714,0.329322,0.333538
0.335123,0.327383,0.337494
0.338019,0.327791,0.33419
0.337616,0.32535,0.337034
0.339113,0.322329,0.338558
0.335276,0.326518,0.338206
0.33528,0.326494,0.338226
0.336857,0.317157,0.345986
0.337874,0.310699,0.351427
0.336707,0.318079,0.345214
0.336272,0.320711,0.343018
0.335735,0.323873,0.340391
0.334363,0.331613,0.334024
0.335179,0.327065,0.337756
0.33439,0.331467,0.334143
0.336991,0.325926,0.337083
0.338608,0.322447,0.338945
0.336919,0.322484,0.340597
0.338848,0.320073,0.341079
0.339,0.322445,0.338555
0.342418,0.315403,0.342179
0.344363,0.309977,0.34566
0.34268,0.314081,0.343239
0.33573,0.323904,0.340366
0.335217,0.326853,0.33793
0.334998,0.328091,0.336912
0.335356,0.326059,0.338585
0.335949,0.322622,0.341429
0.335742,0.323833,0.340425
0.334964,0.328279,0.336756
0.335233,0.326762,0.338005
0.335312,0.326308,0.338379
0.335849,0.323209,0.340942
0.335238,0.326732,0.33803
0.335719,0.323965,0.340316
0.335617,0.324558,0.339825
0.335774,0.323644,0.340582
0.335404,0.325788,0.338809
0.335601,0.324649,0.339749
0.336699,0.318125,0.345175
0.337205,0.314994,0.347801
0.337664,0.312066,0.35027
0.336895,0.316925,0.34618
0.336919,0.316775,0.346306
0.336382,0.320049,0.343569
0.335605,0.324626,0.339768
0.344488,0.318493,0.337019
0.346857,0.314929,0.338214
0.340394,0.317767,0.341839
0.335424,0.325669,0.338907
0.335115,0.327432,0.337453
0.334994,0.328112,0.336894
0.337238,0.329491,0.333271
0.360605,0.312279,0.327115
0.344108,0.310445,0.345448
0.347136,0.303139,0.349725
0.347853,0.300741,0.351406
0.34225,0.314257,0.343493
0.343954,0.309841,0.346205
0.336587,0.318812,0.344601
0.339495,0.32143,0.339075
0.341102,0.317751,0.341148
0.336795,0.323641,0.339563
0.337871,0.320602,0.341528
0.335448,0.325532,0.33902
0.340808,0.318392,0.3408
0.340844,0.322564,0.336592
0.339551,0.3196,0.340848
0.355145,0.320716,0.324138
0.340114,0.318673,0.341213
0.344782,0.318153,0.337066
0.33913,0.325611,0.335258
0.358746,0.314204,0.327049
0.343725,0.325071,0.331203
0.394908,0.296517,0.308575
0.371961,0.307068,0.320971
0.37256,0.305877,0.321563
0.336767,0.32609,0.337143
0.373358,0.308813,0.317829
0.385513,0.297151,0.317336
0.373018,0.299476,0.327506
0.367607,0.302931,0.329461
0.388371,0.292819,0.31881
0.421041,0.27399,0.304968
0.38144,0.293347,0.325212
0.384284,0.291821,0.323895
0.336692,0.318171,0.345137
0.335266,0.326575,0.33816
0.335413,0.325732,0.338855
0.336063,0.321948,0.341989
0.335611,0.324594,0.339795
0.335341,0.326146,0.338513
0.336011,0.32226,0.34173
0.336407,0.319897,0.343696
0.339282,0.316569,0.344149
0.344525,0.310995,0.34448
0.347709,0.309126,0.343165
0.344754,0.31592,0.339326
0.345025,0.30989,0.345085
0.359028,0.299324,0.341648
0.338139,0.308953,0.352908
0.335863,0.323129,0.341008
0.33782,0.311051,0.351129
0.33883,0.304235,0.356935
0.421734,0.264521,0.313745
0.427338,0.261655,0.311007
0.359349,0.298114,0.342537
0.352936,0.310063,0.337001
0.338871,0.329156,0.331973
0.33478,0.329311,0.335909
0.334521,0.330744,0.334735
0.334307,0.331922,0.333771
0.334117,0.332953,0.33293
0.334519,0.330756,0.334725
0.337305,0.319957,0.342738
0.336308,0.320494,0.343198
0.34344,0.321736,0.334825
0.335035,0.327882,0.337084
0.337659,0.312099,0.350242
0.337002,0.316259,0.346739
0.336006,0.322288,0.341707
0.336802,0.317498,0.3457
0.336083,0.32183,0.342087
0.336994,0.320078,0.342928
0.337401,0.313751,0.348847
0.338319,0.307742,0.353939
0.33903,0.302828,0.358142
0.340152,0.294469,0.365379
0.345742,0.317101,0.337158
0.343915,0.321033,0.335052
0.354121,0.30775,0.338129
0.351708,0.307905,0.340387
0.353944,0.307599,0.338457
0.34397,0.320624,0.335406
0.336201,0.329648,0.33415
0.334916,0.328551,0.336533
0.340964,0.318908,0.340129
0.385574,0.285794,0.328632
0.396957,0.294272,0.308771
0.359322,0.311701,0.328977
0.33563,0.324486,0.339885
0.334888,0.32871,0.336403
0.340887,0.325408,0.333704
0.35092,0.321166,0.327914
0.341402,0.322251,0.336347
0.337067,0.321847,0.341085
0.344085,0.309378,0.346537
0.34457,0.309401,0.346029
0.347151,0.304158,0.348692
0.349243,0.298809,0.351948
0.352564,0.298522,0.348915
0.352047,0.299127,0.348827
0.343883,0.316713,0.339404
0.343192,0.316257,0.34055
0.339138,0.322917,0.337945
0.335235,0.326749,0.338016
0.339433,0.327811,0.332756
0.340408,0.326833,0.332759
0.341426,0.326353,0.33222
0.374809,0.30849,0.316701
0.353516,0.321132,0.325352
0.35323,0.320673,0.326097
0.339811,0.326559,0.33363
0.338445,0.32857,0.332985
0.336861,0.329348,0.333791
0.338272,0.329348,0.33238
0.359338,0.296238,0.344424
0.342415,0.320743,0.336841
0.340052,0.324891,0.335057
0.339127,0.327208,0.333665
0.334815,0.329118,0.336068
0.334199,0.33251,0.333292
0.334365,0.331603,0.334032
0.338409,0.328781,0.33281
0.334498,0.330872,0.33463
0.344319,0.324005,0.331676
0.339405,0.300122,0.360473
0.335954,0.322592,0.341453
0.336007,0.322297,0.341697
0.336895,0.317058,0.346047
0.337937,0.310591,0.351472
0.337854,0.311118,0.351028
0.336601,0.318814,0.344585
0.337096,0.315704,0.347201
0.342189,0.317067,0.340744
0.354024,0.316861,0.329115
0.379654,0.302282,0.318064
0.336509,0.319283,0.344208
0.336766,0.317812,0.345422
0.33627,0.320765,0.342965
0.335786,0.32358,0.340635
0.335589,0.324722,0.339689
0.335474,0.325386,0.339141
0.33553,0.325058,0.339411
0.335027,0.327925,0.337047
0.335418,0.325707,0.338875
0.335449,0.325528,0.339023
0.335839,0.323265,0.340896
0.335962,0.322547,0.341491
0.336177,0.321277,0.342547
0.336069,0.321914,0.342017
0.335878,0.323038,0.341084
0.335705,0.324047,0.340248
0.336041,0.322083,0.341877
0.335309,0.326328,0.338363
0.335356,0.326062,0.338582
0.335331,0.326204,0.338465
0.335554,0.32492,0.339525
0.33558,0.324772,0.339648
0.33552,0.325116,0.339364
0.341452,0.320971,0.337576
0.338171,0.321971,0.339858
0.335778,0.323623,0.340599
0.335561,0.324881,0.339558
0.343176,0.319609,0.337216
0.338745,0.325317,0.335938
0.335144,0.327266,0.33759
0.335432,0.325626,0.338943
0.335287,0.326451,0.338261
0.335333,0.326193,0.338474
0.334993,0.328118,0.336889
0.335641,0.324422,0.339937
0.336062,0.330542,0.333395
0.337556,0.328621,0.333823
0.34105,0.323187,0.335762
0.348621,0.30997,0.341408
0.34671,0.312059,0.341232
0.344302,0.314833,0.340865
0.34181,0.316441,0.341748
0.343921,0.310794,0.345285
0.343251,0.312943,0.343805
0.343805,0.310738,0.345456
0.341829,0.320087,0.338084
0.342737,0.311353,0.345909
0.341202,0.309971,0.348827
0.343573,0.309417,0.34701
0.335096,0.327535,0.337369
0.335343,0.326137,0.338521
0.335324,0.326241,0.338435
0.334972,0.328234,0.336794
0.33986,0.323818,0.336321
0.338181,0.326844,0.334975
0.33523,0.326777,0.337993
0.335972,0.324925,0.339104
0.334756,0.329445,0.3358
0.335135,0.327316,0.337549
0.337364,0.31399,0.348647
0.342706,0.321021,0.336273
0.337869,0.310733,0.351398
0.337982,0.309993,0.352026
0.337936,0.310295,0.351769
0.339526,0.299232,0.361242
0.340608,0.290804,0.368588
0.338857,0.304043,0.357099
0.342624,0.317052,0.340324
0.335212,0.330534,0.334253
0.334399,0.331418,0.334183
0.339121,0.321991,0.338888
0.339364,0.321102,0.339534
0.334887,0.328712,0.336401
0.334926,0.328493,0.336581
0.335113,0.327438,0.337448
0.335703,0.324063,0.340235
0.335271,0.326545,0.338184
0.334625,0.330172,0.335203
0.339815,0.326903,0.333282
0.337899,0.323374,0.338726
0.334445,0.331161,0.334393
0.334651,0.330026,0.335323
0.337754,0.325338,0.336908
0.334642,0.330379,0.334979
0.33444,0.331189,0.334371
0.335001,0.32807,0.336928
0.336913,0.31681,0.346277
0.337611,0.312406,0.349982
0.337952,0.31019,0.351858
0.337431,0.313563,0.349006
0.337622,0.312339,0.350039
0.3374,0.313759,0.348841
0.33578,0.323613,0.340607
0.336779,0.317636,0.345584
0.337215,0.314931,0.347854
0.354271,0.309502,0.336227
0.374031,0.302503,0.323466
0.347469,0.322858,0.329674
0.34434,0.320941,0.334719
0.340205,0.327679,0.332116
0.344525,0.321609,0.333865
0.344872,0.321432,0.333696
0.335006,0.328045,0.336949
0.335274,0.32653,0.338196
0.335593,0.3247,0.339707
0.33603,0.322146,0.341824
0.335442,0.32557,0.338989
0.334843,0.328958,0.336199
0.334581,0.330414,0.335005
0.334495,0.330891,0.334614
0.335654,0.330322,0.334025
0.335906,0.32934,0.334754
0.340793,0.304092,0.355115
0.384083,0.261575,0.354342
0.392817,0.257079,0.350104
0.396673,0.255594,0.347733
0.4234,0.248435,0.328164
0.352842,0.294221,0.352936
0.349087,0.293535,0.357378
0.391968,0.278908,0.329123
0.387101,0.293058,0.319841
0.376147,0.30579,0.318063
0.385999,0.302498,0.311503
0.398362,0.29206,0.309578
0.379308,0.305521,0.315171
0.33728,0.314521,0.348199
0.33573,0.323905,0.340365
0.336743,0.317857,0.3454
0.337704,0.311808,0.350488
0.336006,0.3223,0.341694
0.334891,0.328687,0.336421
0.342919,0.324662,0.332419
0.340659,0.325764,0.333577
0.335147,0.327249,0.337604
0.340087,0.32465,0.335264
0.347204,0.314927,0.337869
0.340321,0.322691,0.336988
0.341851,0.322057,0.336092
0.335871,0.323078,0.34105
0.335449,0.325529,0.339022
0.335995,0.32235,0.341655
0.335969,0.322503,0.341528
0.33555,0.324943,0.339506
0.335705,0.324046,0.340248
0.33814,0.320231,0.341629
0.335118,0.328488,0.336394
0.334778,0.329321,0.335901
0.334766,0.32939,0.335845
0.335093,0.327552,0.337354
0.335845,0.32323,0.340925
0.335812,0.323424,0.340764
0.335877,0.323044,0.341079
0.33509,0.327574,0.337337
0.334371,0.331568,0.33406
0.336082,0.32186,0.342058
0.334401,0.331407,0.334192
0.334645,0.330059,0.335296
0.334804,0.329311,0.335885
0.337862,0.326423,0.335716
0.337654,0.31213,0.350215
0.336648,0.318437,0.344915
0.338967,0.323315,0.337719
0.336817,0.317406,0.345778
0.337212,0.314951,0.347837
0.337638,0.312235,0.350127
0.344889,0.320411,0.334699
0.339127,0.326272,0.334602
0.337873,0.316002,0.346126
0.341852,0.320018,0.338129
0.338208,0.323826,0.337966
0.336875,0.326772,0.336353
0.335773,0.323652,0.340575
0.340775,0.322048,0.337177
0.342432,0.319679,0.337889
0.335872,0.323817,0.340311
0.338733,0.32765,0.333618
0.33863,0.326073,0.335297
0.33655,0.328386,0.335064
0.339682,0.326423,0.333895
0.345865,0.319802,0.334332
0.351857,0.310816,0.337326
0.345341,0.304521,0.350139
0.342505,0.301895,0.3556
0.339044,0.302723,0.358233
0.354041,0.284269,0.36169
0.357176,0.287186,0.355638
0.353966,0.29349,0.352545
0.35004,0.29523,0.354731
0.34565,0.295961,0.358389
0.348599,0.301552,0.349849
0.360832,0.301184,0.337984
0.345427,0.312224,0.342349
0.334842,0.328966,0.336192
0.334936,0.328438,0.336626
0.334759,0.329425,0.335815
0.33553,0.325059,0.339411
0.335239,0.326727,0.338034
0.33656,0.328179,0.335262
0.334917,0.328544,0.336539
0.335331,0.326204,0.338465
0.335571,0.324826,0.339603
0.335479,0.325352,0.339168
0.334705,0.32973,0.335565
0.341942,0.317396,0.340663
0.335831,0.323312,0.340857
0.345408,0.309396,0.345195
0.356156,0.295516,0.348328
0.344711,0.301152,0.354136
0.348691,0.305381,0.345928
0.356613,0.289552,0.353836
0.363499,0.276376,0.360125
0.359954,0.279807,0.360239
0.355063,0.302903,0.342034
0.336523,0.321367,0.342111
0.346101,0.311955,0.341944
0.341124,0.323471,0.335405
0.336155,0.3314,0.332445
0.337738,0.321005,0.341257
0.338708,0.323189,0.338103
0.339374,0.326823,0.333803
0.335009,0.32803,0.336961
0.334728,0.3296,0.335672
0.334152,0.332764,0.333084
0.334566,0.332539,0.332895
0.334001,0.333582,0.332417
0.334107,0.333007,0.332886
0.334202,0.332491,0.333307
0.334348,0.331697,0.333955
0.334353,0.331666,0.33398
0.335556,0.330853,0.33359
0.344397,0.308124,0.347479
0.33723,0.314832,0.347938
0.336837,0.317279,0.345883
0.341149,0.324165,0.334687
0.339102,0.32667,0.334228
0.335358,0.32605,0.338593
0.360431,0.287059,0.352511
0.372336,0.273505,0.354159
0.356544,0.278099,0.365358
0.344047,0.297332,0.358621
0.339527,0.306726,0.353747
0.35175,0.295225,0.353025
0.349771,0.295685,0.354544
0.356823,0.291992,0.351185
0.351819,0.297488,0.350693
0.356534,0.292184,0.351282
0.334938,0.328424,0.336637
0.335292,0.326424,0.338284
0.336379,0.326772,0.33685
0.334318,0.331861,0.333821
0.334475,0.331,0.334525
0.334404,0.33139,0.334206
0.337508,0.330479,0.332012
0.334624,0.330178,0.335199
0.334556,0.331621,0.333822
0.338979,0.318349,0.342672
0.337642,0.31221,0.350148
0.339398,0.300175,0.360428
0.338823,0.304286,0.356891
0.338219,0.308416,0.353365
0.339946,0.30195,0.358105
0.339683,0.298058,0.362258
0.339156,0.301928,0.358916
0.338892,0.3038,0.357308
0.339301,0.312145,0.348553
0.337632,0.312274,0.350094
0.338515,0.315409,0.346076
0.337886,0.310621,0.351493
0.338592,0.305883,0.355524
0.337559,0.312743,0.349698
0.335856,0.323168,0.340976
0.334489,0.33092,0.33459
0.341651,0.322162,0.336186
0.339291,0.323146,0.337563
0.341964,0.321858,0.336178
0.341785,0.321145,0.33707
0.342658,0.319931,0.337411
0.341046,0.322116,0.336838
0.342459,0.32064,0.336902
0.33942,0.325078,0.335502
0.334461,0.331076,0.334463
0.339629,0.298468,0.361903
0.340424,0.292304,0.367272
0.338492,0.306569,0.354939
0.338479,0.306661,0.35486
0.338968,0.303266,0.357766
0.340818,0.301728,0.357454
0.347629,0.303174,0.349197
0.338245,0.308243,0.353512
0.338301,0.307863,0.353836
0.338366,0.307427,0.354207
0.338821,0.325124,0.336055
0.335625,0.324513,0.339862
0.342297,0.301249,0.356455
0.345535,0.29832,0.356145
0.339764,0.299537,0.3607
0.34,0.295652,0.364348
0.340743,0.28969,0.369567
0.340555,0.291242,0.368203
0.340329,0.293063,0.366608
0.33872,0.305002,0.356278
0.339674,0.298125,0.3622
0.337878,0.310674,0.351448
0.337343,0.314321,0.348336
0.336619,0.318615,0.344766
0.354992,0.310106,0.334902
0.337082,0.315759,0.347158
0.335578,0.324783,0.339639
0.335839,0.323269,0.340892
0.339833,0.297683,0.362484
0.342233,0.275932,0.381836
0.343282,0.263648,0.39307
0.343449,0.261317,0.395234
0.344202,0.248075,0.407723
0.344562,0.236735,0.418704
0.344562,0.236735,0.418703
0.343803,0.255834,0.400363
0.344326,0.245006,0.410668
0.344069,0.250945,0.404987
0.341884,0.27943,0.378686
0.339872,0.296633,0.363495
0.340331,0.293053,0.366616
0.339289,0.30097,0.359742
0.337737,0.311593,0.35067
0.334883,0.328732,0.336384
0.334864,0.328842,0.336294
0.33473,0.329591,0.335679
0.335161,0.327171,0.337668
0.336373,0.320101,0.343526
0.335806,0.32346,0.340734
0.334672,0.329911,0.335417
0.34682,0.310466,0.342714
0.337937,0.324445,0.337619
0.336816,0.324318,0.338867
0.341927,0.321308,0.336765
0.337405,0.313727,0.348868
0.336899,0.316899,0.346202
0.338246,0.308232,0.353521
0.342959,0.316824,0.340217
0.337469,0.313322,0.349209
0.353127,0.307342,0.339532
0.347427,0.303987,0.348586
0.347362,0.304287,0.348351
0.349463,0.299596,0.350941
0.347785,0.30829,0.343925
0.338106,0.309168,0.352725
0.337429,0.313575,0.348996
0.335386,0.325885,0.338728
0.337798,0.311197,0.351005
0.338216,0.308439,0.353346
0.33751,0.313061,0.34943
0.33723,0.314835,0.347935
0.337375,0.314124,0.348501
0.337491,0.313405,0.349104
0.33736,0.314215,0.348425
0.346117,0.32118,0.332703
0.334413,0.331338,0.334249
0.33457,0.330473,0.334957
0.334341,0.331732,0.333927
0.334318,0.331861,0.333821
0.334016,0.3335,0.332484
0.334966,0.32827,0.336764
0.334886,0.328718,0.336396
0.335001,0.328072,0.336927
0.335094,0.327551,0.337355
0.337268,0.314782,0.34795
0.335532,0.325052,0.339417
0.336069,0.321938,0.341993
0.336568,0.319013,0.344419
0.337188,0.315278,0.347535
0.336338,0.320314,0.343348
0.335652,0.324358,0.33999
0.338068,0.309426,0.352506
0.337241,0.314768,0.347992
0.335398,0.325818,0.338784
0.335632,0.324471,0.339897
0.345109,0.322222,0.332669
0.342993,0.323932,0.333074
0.342216,0.324466,0.333318
0.341279,0.323811,0.334909
0.335012,0.328011,0.336977
0.335495,0.325262,0.339243
0.341115,0.325121,0.333763
0.336689,0.326483,0.336828
0.335951,0.322616,0.341433
0.337681,0.311959,0.35036
0.338325,0.307702,0.353973
0.337988,0.30995,0.352062
0.338407,0.307152,0.354441
0.33838,0.307336,0.354285
0.337018,0.31616,0.346822
0.337591,0.312539,0.34987
0.335347,0.326109,0.338544
0.334077,0.333169,0.332754
0.335481,0.327494,0.337026
0.344107,0.310611,0.345282
0.345001,0.314129,0.340871
0.350618,0.30499,0.344392
0.352142,0.294909,0.352949
0.350304,0.298206,0.351491
0.347586,0.298203,0.354211
0.341778,0.311101,0.347121
0.341301,0.302937,0.355763
0.338094,0.309248,0.352658
0.336573,0.318893,0.344534
0.336063,0.321951,0.341986
0.336272,0.320705,0.343022
0.336261,0.320821,0.342918
0.336179,0.321261,0.34256
0.336146,0.321457,0.342397
0.335377,0.325941,0.338682
0.335107,0.327477,0.337416
0.334821,0.329083,0.336096
0.334151,0.332767,0.333082
0.336342,0.328534,0.335123
0.341203,0.319559,0.339238
0.340774,0.321016,0.338211
0.339456,0.323795,0.33675
0.342714,0.321683,0.335603
0.337295,0.327401,0.335304
0.334363,0.331611,0.334026
0.334799,0.329204,0.335997
0.335291,0.330236,0.334473
0.345027,0.321077,0.333897
0.3427,0.323486,0.333814
0.343059,0.323038,0.333903
0.340778,0.323699,0.335523
0.343592,0.321095,0.335314
0.347471,0.315551,0.336978
0.34654,0.315175,0.338285
0.350408,0.309332,0.34026
0.348272,0.311335,0.340392
0.345505,0.313807,0.340688
0.335042,0.327843,0.337115
0.334871,0.328802,0.336327
0.33971,0.321118,0.339172
0.349569,0.302431,0.348
0.34963,0.294827,0.355543
0.349456,0.30579,0.344754
0.355307,0.29779,0.346903
0.380891,0.284912,0.334196
0.3882,0.281141,0.330659
0.384094,0.279647,0.336258
0.411981,0.238802,0.349217
0.3926,0.253016,0.354384
0.357345,0.28684,0.355815
0.377648,0.289894,0.332457
0.344727,0.314495,0.340778
0.352678,0.30492,0.342402
0.348787,0.312129,0.339084
0.344481,0.318217,0.337302
0.343267,0.319089,0.337644
0.344395,0.318599,0.337006
0.33691,0.316965,0.346125
0.33553,0.325059,0.33941
0.336593,0.318862,0.344545
0.335772,0.323659,0.340569
0.336328,0.320372,0.3433
0.336706,0.318191,0.345103
0.336296,0.320613,0.34309
0.336233,0.320985,0.342783
0.336776,0.317654,0.34557
0.33697,0.316458,0.346572
0.334957,0.328322,0.336721
0.335267,0.326568,0.338165
0.339811,0.325761,0.334428
0.335568,0.324844,0.339588
0.334485,0.330942,0.334572
0.335363,0.326017,0.338619
0.336499,0.319345,0.344156
0.335059,0.327745,0.337196
0.33561,0.324601,0.339789
0.33508,0.327629,0.337291
0.344249,0.325075,0.330677
0.336028,0.328008,0.335964
0.335348,0.326108,0.338545
0.335746,0.323809,0.340445
0.340693,0.313704,0.345602
0.336834,0.317301,0.345865
0.337848,0.310871,0.351281
0.336194,0.321369,0.342437
0.33535,0.326093,0.338557
0.335985,0.322412,0.341604
0.337044,0.316001,0.346955
0.337212,0.314945,0.347842
0.338132,0.309001,0.352868
0.337429,0.313574,0.348997
0.337217,0.314914,0.347868
0.337179,0.315156,0.347665
0.336438,0.319737,0.343825
0.341086,0.286766,0.372148
0.347878,0.305591,0.346531
0.351246,0.296494,0.35226
0.355203,0.301985,0.342812
0.348756,0.312853,0.338391
0.348563,0.313156,0.338281
0.336852,0.317191,0.345957
0.337404,0.313733,0.348863
0.337865,0.315973,0.346161
0.338712,0.305059,0.356229
0.335725,0.323931,0.340344
0.336321,0.320417,0.343262
0.357035,0.311511,0.331454
0.37806,0.29824,0.3237
0.342698,0.311939,0.345362
0.38201,0.293729,0.32426
0.340332,0.293045,0.366623
0.339942,0.296093,0.363965
0.340029,0.295425,0.364546
0.34192,0.279078,0.379002
0.34234,0.274808,0.382853
0.341537,0.282723,0.375739
0.3404,0.292498,0.367102
0.340431,0.292248,0.367321
0.340314,0.293182,0.366503
0.340726,0.289828,0.369446
0.338019,0.309749,0.352232
0.337203,0.315002,0.347795
0.335155,0.327202,0.337643
0.335481,0.326626,0.337893
0.337387,0.325517,0.337095
0.33648,0.325272,0.338249
0.337337,0.325601,0.337062
0.338373,0.32416,0.337467
0.337514,0.326049,0.336437
0.3385,0.324873,0.336627
0.339769,0.324054,0.336177
0.340185,0.323992,0.335823
0.342954,0.321568,0.335478
0.339861,0.325327,0.334812
0.345225,0.31459,0.340184
0.348254,0.312198,0.339548
0.342926,0.320875,0.336198
0.346164,0.315806,0.338029
0.346531,0.316997,0.336472
0.334558,0.330539,0.334903
0.337586,0.328743,0.333671
0.338599,0.323454,0.337946
0.33694,0.325877,0.337184
0.336457,0.319599,0.343945
0.335511,0.325171,0.339318
0.339307,0.323169,0.337524
0.336144,0.321473,0.342383
0.336389,0.320007,0.343604
0.337303,0.314373,0.348324
0.338416,0.30709,0.354494
0.338387,0.314905,0.346708
0.336083,0.329037,0.334879
0.335184,0.327039,0.337777
0.335526,0.330986,0.333488
0.343907,0.322638,0.333454
0.344278,0.321593,0.334129
0.350934,0.31479,0.334276
0.344711,0.320427,0.334862
0.335753,0.32377,0.340477
0.343134,0.320651,0.336215
0.335676,0.324215,0.340109
0.336278,0.324155,0.339567
0.34843,0.312708,0.338862
0.34737,0.312762,0.339867
0.35007,0.308137,0.341793
0.342491,0.318678,0.338831
0.339406,0.323991,0.336603
0.340349,0.321451,0.338201
0.341084,0.320789,0.338127
0.340858,0.31949,0.339653
0.342134,0.31895,0.338916
0.343285,0.318739,0.337976
0.339946,0.325198,0.334856
0.334487,0.330932,0.334581
0.336266,0.320782,0.342952
0.33641,0.319943,0.343646
0.336391,0.320058,0.343551
0.335878,0.323039,0.341083
0.335816,0.323401,0.340783
0.335854,0.323179,0.340967
0.3354,0.325807,0.338793
0.334779,0.329317,0.335904
0.334777,0.329328,0.335895
0.334683,0.329848,0.335468
0.340364,0.327516,0.33212
0.340718,0.326583,0.332698
0.342085,0.3244,0.333515
0.340572,0.326343,0.333085
0.33733,0.330623,0.332047
0.333927,0.333982,0.332091
0.335772,0.323659,0.340569
0.337079,0.315779,0.347142
0.336979,0.316404,0.346617
0.336435,0.319732,0.343833
0.336428,0.319771,0.343801
0.337805,0.311154,0.351041
0.337678,0.311979,0.350343
0.337699,0.311839,0.350462
0.336703,0.318102,0.345195
0.336141,0.321489,0.34237
0.334945,0.328387,0.336668
0.334712,0.329688,0.3356
0.334859,0.32887,0.336271
0.334558,0.330543,0.334899
0.340003,0.324066,0.335932
0.344107,0.319951,0.335941
0.342078,0.325641,0.332281
0.345301,0.320696,0.334003
0.346116,0.320618,0.333266
0.347775,0.322172,0.330053
0.355284,0.312219,0.332497
0.344964,0.315766,0.33927
0.342336,0.320315,0.337349
0.334798,0.32921,0.335992
0.336711,0.330753,0.332536
0.334043,0.333352,0.332605
0.335141,0.327284,0.337576
0.334896,0.328659,0.336444
0.335189,0.327013,0.337798
0.33568,0.324193,0.340127
0.335507,0.325191,0.339301
0.33514,0.327288,0.337572
0.335498,0.325243,0.339259
0.334921,0.328525,0.336555
0.335132,0.327332,0.337536
0.335029,0.327916,0.337055
0.33671,0.31806,0.34523
0.336688,0.318194,0.345118
0.338166,0.308769,0.353064
0.339,0.303041,0.357959
0.33882,0.304308,0.356873
0.337852,0.310848,0.351301
0.338102,0.309194,0.352703
0.337185,0.315118,0.347697
0.336336,0.320324,0.34334
0.345143,0.318516,0.336341
0.38175,0.302804,0.315446
0.387522,0.300911,0.311567
0.334894,0.328675,0.336431
0.337477,0.328874,0.333649
0.338904,0.32904,0.332056
0.335541,0.330339,0.33412
0.338839,0.32919,0.33197
0.334558,0.330539,0.334902
0.3354,0.325806,0.338794
0.336686,0.318205,0.345109
0.33785,0.310857,0.351292
0.337137,0.315416,0.347446
0.33753,0.31293,0.34954
0.336626,0.318576,0.344799
0.335508,0.325185,0.339306
0.335593,0.324696,0.339711
0.334928,0.328484,0.336588
0.338024,0.324966,0.33701
0.338653,0.322525,0.338822
0.340413,0.322256,0.337331
0.342168,0.320254,0.337577
0.335571,0.324823,0.339606
0.345188,0.313823,0.34099
0.345707,0.315145,0.339148
0.342522,0.317107,0.340372
0.341524,0.315589,0.342886
0.343093,0.315515,0.341392
0.336009,0.329527,0.334465
0.338549,0.32325,0.338201
0.339558,0.321001,0.339441
0.337136,0.325338,0.337526
0.334677,0.32988,0.335442
0.334652,0.330022,0.335326
0.338688,0.325832,0.33548
0.3344,0.331409,0.334191
0.334838,0.328989,0.336174
0.335739,0.323852,0.340409
0.339371,0.318512,0.342117
0.339254,0.322036,0.33871
0.336961,0.326589,0.33645
0.340194,0.318799,0.341008
0.341117,0.317098,0.341785
0.34386,0.315105,0.341036
0.346546,0.317936,0.335518
0.345233,0.315376,0.339391
0.345382,0.31959,0.335028
0.384085,0.303408,0.312507
0.391663,0.29959,0.308747
0.364475,0.309067,0.326458
0.372512,0.307791,0.319696
0.361823,0.312432,0.325745
0.400451,0.289858,0.30969
0.407614,0.286081,0.306306
0.384835,0.301704,0.313461
0.403914,0.291094,0.304992
0.375767,0.305249,0.318984
0.35576,0.318211,0.326029
0.336243,0.320879,0.342878
0.334722,0.329631,0.335647
0.334886,0.328719,0.336395
0.334955,0.328332,0.336713
0.335095,0.327544,0.337361
0.334886,0.328716,0.336397
0.335262,0.326597,0.338141
0.335152,0.32722,0.337628
0.334852,0.328909,0.336239
0.340676,0.327175,0.332149
0.341967,0.325051,0.332982
0.340962,0.326862,0.332177
0.364487,0.31459,0.320923
0.375644,0.309961,0.314394
0.359655,0.303533,0.336812
0.363601,0.303341,0.333058
0.368767,0.296362,0.334871
0.357959,0.308827,0.333213
0.351845,0.306503,0.341653
0.338152,0.308866,0.352982
0.338123,0.309056,0.352821
0.338708,0.305084,0.356208
0.338743,0.30484,0.356417
0.338389,0.307273,0.354339
0.337143,0.31538,0.347477
0.337797,0.311207,0.350996
0.33806,0.31707,0.34487
0.337025,0.327095,0.33588
0.336824,0.329376,0.3338
0.334461,0.331078,0.334462
0.334446,0.331156,0.334398
0.335322,0.326257,0.338422
0.335551,0.32494,0.339509
0.335728,0.323915,0.340357
0.335636,0.324446,0.339917
0.336348,0.320252,0.3434
0.335215,0.326863,0.337922
0.336646,0.318449,0.344905
0.34015,0.323446,0.336404
0.338718,0.323338,0.337944
0.336307,0.32692,0.336774
0.338708,0.323261,0.338031
0.340933,0.316816,0.342251
0.340128,0.3192,0.340672
0.34381,0.313299,0.342891
0.339298,0.31276,0.347942
0.337234,0.314808,0.347958
0.344,0.319858,0.336142
0.365312,0.308663,0.326025
0.379755,0.302486,0.317759
0.348092,0.321375,0.330533
0.334066,0.333233,0.332702
0.33422,0.332392,0.333388
0.335143,0.327271,0.337586
0.335272,0.326538,0.33819
0.335469,0.325411,0.33912
0.335877,0.323044,0.341079
0.335898,0.32292,0.341182
0.335762,0.323717,0.340521
0.335478,0.325359,0.339163
0.335265,0.326576,0.338159
0.335085,0.3276,0.337315
0.354421,0.316033,0.329546
0.353779,0.316352,0.329869
0.412239,0.287352,0.30041
0.438097,0.271585,0.290318
0.432501,0.276775,0.290724
0.399915,0.293291,0.306794
0.397912,0.297023,0.305065
0.387301,0.302461,0.310238
0.374125,0.306373,0.319502
0.393142,0.297037,0.309822
0.36069,0.314575,0.324735
0.370439,0.31303,0.316531
0.334359,0.331636,0.334005
0.336481,0.330729,0.33279
0.334491,0.33091,0.334599
0.333865,0.334314,0.331821
0.342727,0.318536,0.338736
0.337325,0.314234,0.348441
0.338045,0.309577,0.352378
0.338752,0.304778,0.35647
0.338012,0.309794,0.352194
0.338032,0.309664,0.352304
0.338398,0.311507,0.350094
0.34082,0.323028,0.336152
0.338843,0.322382,0.338775
0.33387,0.334284,0.331846
0.335072,0.332235,0.332693
0.335116,0.327422,0.337461
0.334799,0.329202,0.335998
0.334838,0.328985,0.336176
0.335361,0.326031,0.338608
0.335186,0.327027,0.337787
0.335055,0.32777,0.337175
0.335399,0.325813,0.338788
0.335726,0.324858,0.339415
0.339743,0.32121,0.339047
0.335413,0.325733,0.338854
0.335159,0.327183,0.337659
0.334344,0.331716,0.333939
0.334446,0.33116,0.334394
0.336154,0.321411,0.342435
0.337041,0.316016,0.346942
0.336964,0.316494,0.346542
0.336547,0.319055,0.344398
0.336951,0.316577,0.346472
0.336857,0.31716,0.345983
0.336766,0.317717,0.345517
0.334187,0.332573,0.33324
0.33439,0.331467,0.334144
0.334832,0.329018,0.33615
0.334671,0.329917,0.335412
0.334733,0.329572,0.335695
0.335369,0.325983,0.338647
0.335594,0.324692,0.339714
0.335699,0.324083,0.340218
0.335876,0.323052,0.341072
0.335554,0.324923,0.339523
0.336708,0.31807,0.345221
0.336549,0.319039,0.344412
0.335556,0.324911,0.339533
0.336789,0.317579,0.345632
0.335283,0.326475,0.338241
0.340325,0.325011,0.334664
0.335209,0.326897,0.337894
0.334699,0.329763,0.335538
0.335217,0.326849,0.337933
0.335243,0.326704,0.338053
0.335145,0.327258,0.337597
0.335096,0.327539,0.337366
0.335161,0.327169,0.33767
0.335407,0.325769,0.338824
0.334744,0.329509,0.335747
0.334509,0.330812,0.334679
0.351433,0.322017,0.32655
0.343015,0.324809,0.332176
0.334838,0.328987,0.336175
0.342648,0.327053,0.330299
0.33432,0.33185,0.33383
0.334369,0.331581,0.33405
0.33491,0.328582,0.336508
0.337683,0.321387,0.34093
0.339303,0.318198,0.342499
0.336056,0.321991,0.341953
0.337061,0.329375,0.333565
0.337295,0.329972,0.332732
0.33445,0.331134,0.334416
0.334572,0.330463,0.334964
0.334808,0.33109,0.334101
0.33533,0.32621,0.33846
0.335441,0.325574,0.338985
0.335087,0.327586,0.337327
0.334147,0.33279,0.333063
0.334561,0.330527,0.334912
0.334848,0.328933,0.336219
0.335081,0.327623,0.337296
0.334988,0.328146,0.336866
0.334803,0.329181,0.336016
0.334918,0.328537,0.336545
0.334579,0.330425,0.334996
0.334899,0.328643,0.336458
0.334965,0.328272,0.336762
0.334961,0.328295,0.336744
0.33842,0.324309,0.337271
0.342789,0.320714,0.336497
0.337238,0.326549,0.336213
0.334717,0.329659,0.335624
0.334305,0.33193,0.333765
0.334638,0.330101,0.335261
0.334491,0.330909,0.3346
0.334819,0.329094,0.336087
0.334989,0.328139,0.336872
0.334645,0.330058,0.335296
0.334728,0.329601,0.335671
0.334651,0.330026,0.335323
0.334426,0.331266,0.334308
0.336303,0.328803,0.334894
0.33618,0.331421,0.332399
0.340549,0.32515,0.334301
0.342836,0.320729,0.336435
0.337503,0.313101,0.349396
0.341101,0.286638,0.372261
0.359334,0.282519,0.358147
0.356949,0.296633,0.346417
0.340081,0.295018,0.364901
0.415804,0.241367,0.34283
0.46986,0.229543,0.300596
0.423899,0.230721,0.34538
0.423129,0.237964,0.338907
0.415375,0.245131,0.339494
0.425397,0.244643,0.32996
0.415367,0.273215,0.311418
0.411186,0.282564,0.306249
0.39818,0.281278,0.320542
0.365099,0.303763,0.331138
0.338384,0.313189,0.348426
0.341061,0.298298,0.360642
0.343916,0.314241,0.341842
0.338785,0.323021,0.338194
0.334478,0.331706,0.333815
0.335845,0.329772,0.334383
0.338887,0.326552,0.334561
0.339829,0.313645,0.346527
0.336203,0.329195,0.334602
0.336069,0.328992,0.334938
0.334675,0.329894,0.335431
0.336631,0.318545,0.344824
0.336825,0.317356,0.345819
0.336088,0.321802,0.34211
0.3344,0.331411,0.334189
0.334373,0.331561,0.334066
0.334364,0.331606,0.33403
0.335853,0.323183,0.340964
0.335537,0.325019,0.339444
0.335241,0.326713,0.338045
0.336015,0.322236,0.341749
0.334817,0.329105,0.336078
0.334836,0.328999,0.336165
0.335178,0.327072,0.33775
0.334949,0.328367,0.336684
0.33562,0.325569,0.33881
0.338107,0.309164,0.352729
0.339586,0.303178,0.357235
0.34793,0.301895,0.350175
0.348834,0.307044,0.344123
0.357957,0.29361,0.348433
0.393987,0.274013,0.332
0.405914,0.254032,0.340054
0.40351,0.24644,0.35005
0.414943,0.242386,0.342671
0.43118,0.236116,0.332704
0.426335,0.250361,0.323304
0.422839,0.244369,0.332792
0.418083,0.258972,0.322945
0.409515,0.264119,0.326366
0.392368,0.279477,0.328155
0.395207,0.281008,0.323785
0.365307,0.304394,0.330299
0.387364,0.297421,0.315215
0.396755,0.292002,0.311243
0.368444,0.312245,0.31931
0.372926,0.302827,0.324247
0.342429,0.325257,0.332313
0.344416,0.320922,0.334661
0.349201,0.31637,0.334429
0.347936,0.319106,0.332957
0.342817,0.323954,0.333229
0.335504,0.32521,0.339286
0.33539,0.325866,0.338744
0.337484,0.313225,0.349291
0.3626,0.311021,0.326379
0.346631,0.320727,0.332641
0.336265,0.320752,0.342983
0.353164,0.305875,0.340961
0.350138,0.307628,0.342234
0.350851,0.307352,0.341797
0.353255,0.301207,0.345538
0.376995,0.285146,0.337859
0.395246,0.279208,0.325546
0.336522,0.327776,0.335702
0.336523,0.329063,0.334414
0.334198,0.332512,0.33329
0.33483,0.329031,0.336139
0.335894,0.322947,0.341159
0.336324,0.320448,0.343227
0.336808,0.317457,0.345734
0.336307,0.320499,0.343194
0.336304,0.320517,0.343179
0.33609,0.321792,0.342118
0.336156,0.321397,0.342447
0.336095,0.321763,0.342142
0.337485,0.320639,0.341875
0.344548,0.320947,0.334505
0.337696,0.311857,0.350446
0.337807,0.311136,0.351057
0.338205,0.308513,0.353282
0.344464,0.318501,0.337035
0.347073,0.315118,0.337808
0.34169,0.304708,0.353601
0.352426,0.301159,0.346415
0.355187,0.302331,0.342482
0.348868,0.312517,0.338615
0.352854,0.308635,0.338512
0.343277,0.312268,0.344455
0.337302,0.314379,0.348319
0.336605,0.318701,0.344694
0.345738,0.317324,0.336938
0.335686,0.325562,0.338752
0.336093,0.32177,0.342136
0.337512,0.318104,0.344384
0.339082,0.308646,0.352271
0.343161,0.306513,0.350326
0.345937,0.310688,0.343376
0.341302,0.317645,0.341053
0.347292,0.30384,0.348868
0.344961,0.308183,0.346856
0.346793,0.304327,0.34888
0.342508,0.314605,0.342887
0.344786,0.309804,0.345411
0.342099,0.315871,0.34203
0.336114,0.321648,0.342238
0.335648,0.324379,0.339972
0.336937,0.324135,0.338928
0.339586,0.314998,0.345417
0.337578,0.325578,0.336844
0.336494,0.319374,0.344132
0.365933,0.303771,0.330296
0.344596,0.308534,0.34687
0.34576,0.307121,0.347119
0.346709,0.311775,0.341516
0.339518,0.303721,0.356761
0.35271,0.292509,0.354781
0.350795,0.294948,0.354257
0.356684,0.291493,0.351823
0.352173,0.297478,0.350349
0.349188,0.298044,0.352768
0.354325,0.29638,0.349294
0.343388,0.320149,0.336463
0.359682,0.311659,0.328659
0.365723,0.302537,0.331741
0.375018,0.289661,0.335321
0.341611,0.28204,0.376349
0.341433,0.283684,0.374883
0.342498,0.273102,0.384399
0.341853,0.279731,0.378415
0.341721,0.281002,0.377277
0.340361,0.292808,0.36683
0.356389,0.296056,0.347555
0.337768,0.311394,0.350838
0.337795,0.311219,0.350986
0.336786,0.317713,0.345501
0.336153,0.321449,0.342398
0.33664,0.318586,0.344774
0.335265,0.326578,0.338157
0.335338,0.326164,0.338498
0.335959,0.32257,0.341471
0.336609,0.318771,0.34462
0.336958,0.316674,0.346368
0.336557,0.319078,0.344365
0.337227,0.314851,0.347922
0.337187,0.315103,0.34771
0.337008,0.316222,0.346769
0.335531,0.325056,0.339413
0.336624,0.318585,0.344791
0.336857,0.317157,0.345986
0.338987,0.322467,0.338546
0.372942,0.305494,0.321564
0.340013,0.32497,0.335017
0.351728,0.316108,0.332163
0.335274,0.326525,0.3382
0.335472,0.325395,0.339133
0.336741,0.317871,0.345388
0.33714,0.315397,0.347463
0.335865,0.323118,0.341018
0.335462,0.325451,0.339087
0.335184,0.327041,0.337775
0.336401,0.319937,0.343662
0.335812,0.323424,0.340763
0.335893,0.322949,0.341158
0.338943,0.320668,0.340389
0.335603,0.324641,0.339756
0.336869,0.317087,0.346045
0.335844,0.32324,0.340916
0.338326,0.325042,0.336632
0.342077,0.32211,0.335812
0.346529,0.314168,0.339304
0.34995,0.28569,0.36436
0.343151,0.282716,0.374133
0.341377,0.284189,0.374434
0.34081,0.289127,0.370063
0.34019,0.294171,0.365639
0.340857,0.288733,0.37041
0.341251,0.285321,0.373428
0.341778,0.280458,0.377764
0.341546,0.282642,0.375812
0.341616,0.281991,0.376393
0.33854,0.306242,0.355218
0.338669,0.305357,0.355975
0.429198,0.232767,0.338035
0.460911,0.218047,0.321042
0.44929,0.226309,0.324402
0.48835,0.225467,0.286183
0.470941,0.237213,0.291846
0.478865,0.234615,0.28652
0.478867,0.23608,0.285053
0.47575,0.238905,0.285345
0.47902,0.2411,0.27988
0.497905,0.230334,0.271761
0.397386,0.290239,0.312375
0.359897,0.31022,0.329883
0.344295,0.31882,0.336885
0.35359,0.31638,0.33003
0.354268,0.319567,0.326165
0.344471,0.326649,0.32888
0.33556,0.32489,0.33955
0.335599,0.324661,0.33974
0.335547,0.324962,0.339491
0.335368,0.330643,0.333989
0.335714,0.323999,0.340288
0.33561,0.328229,0.336161
0.335798,0.332303,0.331899
0.333952,0.333844,0.332203
0.335033,0.327895,0.337072
0.343303,0.320035,0.336663
0.336578,0.318865,0.344557
0.354096,0.291175,0.354729
